0
-117.0652, 34.0039
-114.5308, 33.6046
1434
139.5991

1
-117.0649, 34.0039
-114.5307, 33.6048
2277
139.5874

2
-101.8095, 30.7176
-103.4089, 30.952
1237
87.8661

3
-101.8095, 30.7178
-103.4086, 30.9524
761
87.8536

4
-111.9087, 33.2047
-113.3351, 33.5665
1555
80.9682

5
-113.335, 33.566
-111.9091, 33.2047
1539
80.9347

6
-110.4513, 31.9632
-109.0484, 32.2273
1000
77.9172

7
-110.4513, 31.9635
-109.0484, 32.2275
1116
77.9162

8
-113.335, 33.566
-114.5308, 33.6046
617
64.6276

9
-113.3351, 33.5665
-114.5307, 33.6048
662
64.6198

10
-105.9723, 31.4083
-104.9089, 31.0422
446
62.7341

11
-104.9089, 31.0424
-105.9721, 31.4085
716
62.725

12
-111.9087, 33.2047
-111.2664, 32.5016
727
59.6361

13
-111.9091, 33.2047
-111.2669, 32.5016
751
59.6347

14
-111.2669, 32.5016
-110.4513, 31.9632
750
57.6194

15
-111.2664, 32.5016
-110.4513, 31.9635
1105
57.5849

16
-106.5829, 32.0007
-105.9723, 31.4083
887
52.5175

17
-106.5826, 32.0007
-105.9721, 31.4085
839
52.5058

18
-108.2298, 32.2072
-107.2984, 32.243
587
50.3549

19
-107.2984, 32.2426
-108.2298, 32.2069
410
50.3546

20
-100.9607, 30.664
-100.1166, 30.4688
746
47.5243

21
-100.9607, 30.6637
-100.1166, 30.4686
496
47.5237

22
-101.8095, 30.7176
-100.9607, 30.6637
743
45.9909

23
-101.8095, 30.7178
-100.9607, 30.664
640
45.988

24
-107.2984, 32.243
-106.5826, 32.0007
752
42.1133

25
-107.2984, 32.2426
-106.5829, 32.0007
533
42.0897

26
-94.9098, 29.8212
-95.6412, 29.7851
799
39.5737

27
-104.9089, 31.0424
-104.1806, 31.063
394
39.3507

28
-104.1811, 31.0627
-104.9089, 31.0422
200
39.3245

29
-93.7014, 30.1275
-92.9969, 30.2507
396
38.9841

30
-93.7014, 30.1273
-92.9969, 30.2502
414
38.9754

31
-103.4086, 30.9524
-104.0701, 31.084
396
36.8615

32
-103.4089, 30.952
-104.0692, 31.0834
267
36.7894

33
-117.7099, 34.082
-117.0649, 34.0039
1334
35.2477

34
-117.71, 34.0818
-117.0652, 34.0039
782
35.2347

35
-100.1166, 30.4688
-99.5222, 30.2886
575
34.427

36
-99.5228, 30.2886
-100.1166, 30.4686
807
34.3881

37
-88.0073, 30.6866
-87.4124, 30.5736
373
33.0562

38
-87.4122, 30.5738
-88.007, 30.687
385
33.0558

39
-98.1863, 29.5012
-97.6335, 29.6494
387
31.5558

40
-97.6337, 29.6492
-98.1863, 29.501
349
31.5462

41
-94.3575, 29.8581
-94.9099, 29.821
367
29.9393

42
-94.9098, 29.8212
-94.3575, 29.8583
530
29.9343

43
-84.9043, 30.6334
-85.4326, 30.7465
552
29.5783

44
-84.9043, 30.6337
-85.4326, 30.7467
621
29.5771

45
-83.1936, 30.3581
-83.7244, 30.4455
432
29.2923

46
-83.7244, 30.4453
-83.1936, 30.3578
260
29.2903

47
-84.9043, 30.6334
-84.3974, 30.485
477
29.2225

48
-84.3975, 30.4853
-84.9043, 30.6337
594
29.2183

49
-96.8196, 29.6886
-96.2966, 29.7483
202
28.5378

50
-96.8193, 29.6888
-96.2967, 29.7485
222
28.5217

51
-109.0484, 32.2275
-108.5369, 32.2707
313
27.779

52
-109.0484, 32.2273
-108.5369, 32.2704
504
27.7789

53
-118.214, 34.0551
-117.71, 34.0818
630
27.2786

54
-88.4005, 30.4742
-88.8834, 30.4538
326
26.1175

55
-88.4005, 30.4745
-88.8834, 30.4541
296
26.1169

56
-88.4005, 30.4745
-88.007, 30.687
363
25.8191

57
-88.4005, 30.4742
-88.0073, 30.6866
386
25.799

58
-89.3409, 30.3835
-88.8834, 30.4538
409
25.1773

59
-88.8834, 30.4541
-89.3409, 30.3839
408
25.176

60
-94.9099, 29.821
-95.3662, 29.7707
465
24.8834

61
-118.1621, 34.0629
-117.7099, 34.082
478
24.4505

62
-92.1762, 30.2477
-92.6225, 30.2404
294
24.1089

63
-92.6225, 30.2402
-92.1762, 30.2475
272
24.1076

64
-85.9581, 30.7037
-86.3916, 30.7287
197
23.4707

65
-86.3916, 30.7297
-85.9589, 30.7037
199
23.4359

66
-82.7947, 30.2741
-83.1936, 30.3578
340
22.3027

67
-82.7947, 30.2743
-83.1936, 30.3581
209
22.3024

68
-87.1433, 30.5197
-86.7924, 30.6851
232
22.1197

69
-87.1431, 30.5195
-86.7924, 30.6849
237
22.1105

70
-82.4575, 30.2567
-82.0496, 30.2814
209
22.0924

71
-82.4575, 30.2572
-82.0496, 30.2816
221
22.0923

72
-86.7924, 30.6851
-86.3916, 30.7297
324
21.8617

73
-86.3916, 30.7287
-86.7924, 30.6849
357
21.8544

74
-94.3575, 29.8581
-94.0911, 30.0946
269
21.7536

75
-94.091, 30.0947
-94.3575, 29.8583
261
21.7507

76
-98.516, 29.459
-98.6875, 29.7387
362
21.4075

77
-98.5158, 29.4601
-98.6873, 29.7388
353
21.346

78
-98.9206, 29.9871
-98.6873, 29.7388
284
21.2635

79
-98.9206, 29.9868
-98.6875, 29.7387
451
21.2453

80
-93.7014, 30.1273
-94.0911, 30.0946
434
21.1686

81
-93.7014, 30.1275
-94.091, 30.0947
437
21.1596

82
-90.1234, 29.9958
-89.8247, 30.1814
576
20.5951

83
-90.1233, 29.9962
-89.8251, 30.1816
450
20.5642

84
-96.8193, 29.6888
-97.1952, 29.6923
256
20.295

85
-97.1948, 29.692
-96.8196, 29.6886
256
20.2642

86
-92.9969, 30.2502
-92.6225, 30.2402
221
20.2274

87
-92.6225, 30.2404
-92.9969, 30.2507
195
20.2272

88
-97.1948, 29.692
-97.5569, 29.6534
161
19.7357

89
-97.5565, 29.6536
-97.1952, 29.6923
195
19.6936

90
-98.9206, 29.9868
-99.2298, 30.1349
449
19.574

91
-98.9206, 29.9871
-99.2293, 30.1349
431
19.5424

92
-82.0375, 30.2835
-81.6798, 30.3252
259
19.5343

93
-81.6803, 30.3244
-82.0372, 30.2838
280
19.4739

94
-84.3975, 30.4853
-84.0412, 30.484
320
19.2401

95
-84.3974, 30.485
-84.0412, 30.4837
323
19.2355

96
-91.0138, 30.3302
-90.759, 30.1437
160
18.8394

97
-90.7596, 30.1436
-91.0141, 30.33
187
18.8261

98
-98.5049, 29.3961
-98.1863, 29.501
268
18.6645

99
-82.7947, 30.2741
-82.4575, 30.2567
235
18.2473

100
-82.4575, 30.2572
-82.7947, 30.2743
317
18.2451

101
-98.5011, 29.4258
-98.1863, 29.5012
370
17.7736

102
-91.6446, 30.3635
-91.9499, 30.281
205
17.442

103
-91.95, 30.2812
-91.6448, 30.3636
235
17.4336

104
-84.0412, 30.4837
-83.7244, 30.4453
201
17.3132

105
-84.0412, 30.484
-83.7244, 30.4455
246
17.3114

106
-89.3409, 30.3839
-89.6416, 30.3034
168
17.1572

107
-108.5369, 32.2707
-108.2298, 32.2072
64
17.1544

108
-108.2298, 32.2069
-108.5369, 32.2704
100
17.1543

109
-89.6415, 30.3034
-89.3409, 30.3835
187
17.1489

110
-118.404, 33.9313
-118.0992, 33.9143
474
16.501

111
-118.4021, 33.9315
-118.0992, 33.9144
491
16.3987

112
-118.214, 34.0551
-118.4905, 34.0125
542
15.214

113
-118.2143, 34.0551
-118.4906, 34.0126
493
15.2073

114
-87.4124, 30.5736
-87.1431, 30.5195
292
15.0106

115
-87.4122, 30.5738
-87.1433, 30.5197
246
14.9897

116
-95.6413, 29.7847
-95.3662, 29.7707
279
14.8865

117
-96.2967, 29.7485
-96.0361, 29.7712
229
14.1599

118
-96.036, 29.771
-96.2966, 29.7483
215
14.1596

119
-99.5228, 30.2886
-99.3014, 30.183
119
13.9998

120
-99.3014, 30.1833
-99.5222, 30.2886
132
13.9594

121
-91.6446, 30.3635
-91.408, 30.4263
88
13.4956

122
-91.6448, 30.3636
-91.4083, 30.4268
81
13.4927

123
-90.4101, 30.0796
-90.6498, 30.1207
60
13.2505

124
-90.4102, 30.0794
-90.6498, 30.1204
56
13.2454

125
-89.8251, 30.1816
-89.6416, 30.3034
290
12.9967

126
-89.8247, 30.1814
-89.6415, 30.3034
292
12.9854

127
-92.1762, 30.2475
-91.9499, 30.281
151
12.4321

128
-91.95, 30.2812
-92.1762, 30.2477
132
12.4297

129
-91.1959, 30.4395
-91.0138, 30.3302
247
12.392

130
-91.1959, 30.4394
-91.0141, 30.33
297
12.3833

131
-91.1959, 30.4395
-91.4083, 30.4268
194
11.5049

132
-91.408, 30.4263
-91.1959, 30.4394
220
11.4861

133
-95.4516, 29.7794
-95.6399, 29.7849
151
10.1737

134
-85.4326, 30.7465
-85.6187, 30.7554
58
10.0662

135
-85.4326, 30.7467
-85.6186, 30.7557
48
10.0649

136
-96.0361, 29.7712
-95.8546, 29.7774
121
9.8118

137
-96.036, 29.771
-95.855, 29.7773
116
9.7868

138
-95.6412, 29.7851
-95.8126, 29.7807
154
9.2628

139
-95.8125, 29.7806
-95.6413, 29.7847
158
9.2491

140
-90.2795, 30.0064
-90.4102, 30.0794
67
8.6677

141
-90.4101, 30.0796
-90.2795, 30.0068
70
8.6568

142
-90.2795, 30.0068
-90.1233, 29.9962
159
8.4676

143
-90.1234, 29.9958
-90.2795, 30.0064
139
8.4645

144
-85.8299, 30.7557
-85.9589, 30.7037
51
7.8344

145
-85.9581, 30.7037
-85.8298, 30.7556
106
7.8001

146
-85.6186, 30.7557
-85.7353, 30.7606
52
6.3103

147
-85.6187, 30.7554
-85.7353, 30.7597
93
6.3073

148
-104.1811, 31.0627
-104.0692, 31.0834
112
6.21

149
-104.0701, 31.084
-104.1806, 31.063
78
6.1401

150
-90.6498, 30.1204
-90.7596, 30.1436
35
6.1374

151
-90.759, 30.1437
-90.6498, 30.1207
17
6.1099

152
-99.3014, 30.1833
-99.2293, 30.1349
94
5.1308

153
-85.8299, 30.7557
-85.7353, 30.7606
28
5.1184

154
-85.8298, 30.7556
-85.7353, 30.7597
27
5.1073

155
-99.2298, 30.1349
-99.3014, 30.183
101
5.0982

156
-97.633, 29.6494
-97.5565, 29.6536
46
4.1441

157
-97.633, 29.6491
-97.5569, 29.6534
44
4.1185

158
-118.2254, 34.0527
-118.1623, 34.0626
138
3.4745

159
-118.1623, 34.0626
-118.1038, 34.0719
37
3.2213

160
-118.1038, 34.072
-118.1621, 34.0629
41
3.2076

161
-123.0485, 44.0638
-123.1019, 44.0521
90
2.989

162
-123.1004, 44.0521
-123.0482, 44.0624
105
2.9005

163
-98.504, 29.4358
-98.5116, 29.3992
94
2.5562

164
-118.2378, 34.0548
-118.1926, 34.0558
153
2.4421

165
-118.1926, 34.0558
-118.2362, 34.0541
133
2.3574

166
-95.855, 29.7773
-95.8125, 29.7806
29
2.306

167
-95.8126, 29.7807
-95.8546, 29.7774
29
2.2748

168
-98.5037, 29.4362
-98.5158, 29.4601
77
1.7733

169
-98.5158, 29.4601
-98.5037, 29.4362
88
1.7733

170
-98.516, 29.459
-98.504, 29.4358
85
1.7294

171
-98.504, 29.4358
-98.516, 29.459
85
1.7294

172
-97.6978, 29.645
-97.6673, 29.6519
25
1.7105

173
-118.1926, 34.0558
-118.1693, 34.0626
33
1.3442

174
-95.3851, 29.7769
-95.3662, 29.7707
48
1.108

175
-82.0496, 30.2816
-82.0372, 30.2838
10
0.6864

176
-82.0496, 30.2814
-82.0375, 30.2835
15
0.6658

177
-118.2143, 34.0551
-118.2259, 34.0525
45
0.6531

178
-98.5009, 29.427
-98.5037, 29.4362
28
0.6509

179
-111.9721, 33.3053
-111.9719, 33.2988
8
0.4472

180
-118.1621, 34.0629
-118.1693, 34.0626
23
0.389

181
-118.1693, 34.0626
-118.1623, 34.0626
20
0.376

182
-95.3662, 29.7707
-95.3675, 29.7656
14
0.3563

183
-95.4516, 29.7794
-95.4502, 29.7792
3
0.0809

184
-95.6399, 29.7849
-95.6413, 29.7847
3
0.0759

185
-95.6399, 29.7849
-95.6412, 29.7851
3
0.0707

186
-97.633, 29.6491
-97.6337, 29.6492
3
0.0376

187
-97.633, 29.6494
-97.6335, 29.6494
3
0.0249

188
-118.1621, 34.0629
-118.1623, 34.0626
4
0.0217

189
-118.2143, 34.0551
-118.214, 34.0551
2
0.0121