0
-117.55, 34.0335
-115.3911, 35.6071
2825
159.3086

1
-117.4893, 34.1421
-115.3915, 35.6073
1904
151.8405

2
-115.3915, 35.6073
-114.0501, 36.8179
2170
110.5597

3
-114.0501, 36.8176
-115.3911, 35.6071
2075
110.545

4
-112.7037, 45.5306
-112.3094, 44.5553
965
70.5836

5
-112.3092, 44.5556
-112.7035, 45.5302
1456
70.5416

6
-112.6035, 38.5727
-112.082, 39.3297
739
59.338

7
-112.0826, 39.3297
-112.6038, 38.5727
634
59.3318

8
-113.2206, 37.482
-112.6115, 38.148
739
56.5151

9
-113.2209, 37.482
-112.6141, 38.148
1209
56.4414

10
-112.2248, 42.3508
-112.4079, 43.0222
611
47.3673

11
-112.2252, 42.3508
-112.4083, 43.0222
618
47.3671

12
-117.55, 34.0335
-117.1431, 33.4326
690
46.9211

13
-117.5504, 34.0335
-117.1437, 33.4326
936
46.9174

14
-112.199, 42.0012
-112.0344, 41.3365
1132
46.7111

15
-112.0341, 41.3365
-112.1985, 42.0012
793
46.7102

16
-112.4592, 46.0365
-111.9664, 46.5692
1272
45.3774

17
-112.4594, 46.0367
-111.9668, 46.5692
1404
45.3604

18
-117.1119, 32.7762
-117.1437, 33.4326
1055
45.3249

19
-112.0826, 39.3297
-111.8111, 39.9397
709
44.5715

20
-112.082, 39.3297
-111.8107, 39.9395
510
44.5562

21
-111.9206, 48.393
-111.9608, 48.9986
537
41.8467

22
-111.96, 48.9986
-111.9201, 48.393
376
41.8454

23
-111.6456, 47.6978
-111.8963, 47.1329
772
41.2681

24
-111.6461, 47.6978
-111.8963, 47.1331
1083
41.2453

25
-117.1153, 32.8522
-117.1431, 33.4326
899
40.0768

26
-113.6243, 37.0
-113.2209, 37.482
751
39.7567

27
-113.6224, 37.0
-113.2206, 37.482
528
39.7087

28
-111.8963, 47.1331
-111.9668, 46.5692
1541
39.0919

29
-111.9664, 46.5692
-111.8963, 47.1329
1517
39.0761

30
-111.9133, 40.4525
-111.8107, 39.9395
672
35.8273

31
-111.9137, 40.4524
-111.8111, 39.9397
632
35.8072

32
-112.2357, 44.0578
-112.3092, 44.5556
489
34.574

33
-112.2361, 44.0578
-112.3094, 44.5553
492
34.5564

34
-112.4079, 43.0222
-112.1398, 43.4249
565
31.3363

35
-112.1403, 43.4249
-112.4083, 43.0222
304
31.3344

36
-112.0799, 43.6262
-112.2357, 44.0578
291
30.95

37
-112.2361, 44.0578
-112.0803, 43.6261
268
30.9496

38
-112.6766, 45.6316
-112.4594, 46.0367
1070
30.3105

39
-112.6762, 45.6316
-112.4592, 46.0365
722
30.299

40
-112.6141, 38.148
-112.6038, 38.5727
440
29.3088

41
-112.6035, 38.5727
-112.6115, 38.148
567
29.3066

42
-111.7732, 47.9844
-111.9206, 48.393
451
29.2892

43
-111.7727, 47.9845
-111.9201, 48.393
246
29.2892

44
-114.0501, 36.8176
-113.6224, 37.0
696
26.3051

45
-114.0501, 36.8179
-113.6243, 37.0
703
26.2047

46
-111.9165, 40.8218
-111.9137, 40.4524
563
25.4881

47
-111.9162, 40.8218
-111.9133, 40.4525
775
25.4822

48
-112.2248, 42.3508
-112.1985, 42.0012
276
24.1661

49
-112.199, 42.0012
-112.2252, 42.3508
310
24.166

50
-112.0255, 41.1526
-111.9165, 40.8218
250
23.5731

51
-111.6456, 47.6978
-111.7727, 47.9845
186
20.9332

52
-111.7732, 47.9844
-111.6461, 47.6978
251
20.9329

53
-89.4543, 40.3227
-89.4844, 40.6209
194
20.6381

54
-89.454, 40.3227
-89.4842, 40.6209
291
20.6374

55
-117.1153, 32.8522
-117.0689, 33.066
278
14.9663

56
-89.613, 36.1147
-89.3473, 36.0731
448
14.6305

57
-89.3475, 36.0734
-89.6129, 36.1148
308
14.6142

58
-112.0799, 43.6262
-112.1398, 43.4249
227
14.2572

59
-112.0803, 43.6261
-112.1403, 43.4249
217
14.2554

60
-112.0344, 41.3365
-112.0255, 41.1526
268
12.6986

61
-112.0341, 41.3365
-112.0251, 41.1526
391
12.6984

62
-111.9162, 40.8218
-111.9231, 41.0002
155
12.3162

63
-111.923, 41.0003
-112.0251, 41.1526
145
11.8711

64
-89.4166, 40.1732
-89.454, 40.3227
221
10.5117

65
-89.4543, 40.3227
-89.4182, 40.173
201
10.5112

66
-89.6129, 36.1148
-89.7488, 36.2167
172
10.1659

67
-89.613, 36.1147
-89.749, 36.2165
157
10.1608

68
-117.4896, 34.1418
-117.5504, 34.0335
118
8.1671

69
-112.7035, 45.5302
-112.6762, 45.6316
208
7.1472

70
-112.7037, 45.5306
-112.6766, 45.6316
152
7.1232

71
-117.1125, 32.7721
-117.1153, 32.8522
163
5.5289

72
-112.5458, 46.0037
-112.5738, 46.0045
60
1.5133

73
-112.5737, 46.0052
-112.5458, 46.0038
63
1.5107

74
-117.4893, 34.1421
-117.4896, 34.1418
3
0.02

75
-117.4893, 34.1421
-117.4896, 34.1418
2
0.02