0
-119.7824, 35.79
-118.8771, 34.8032
571
83.8175

1
-123.138, 43.7538
-123.3711, 42.7395
1888
71.11

2
-123.3709, 42.7395
-123.138, 43.7536
2449
71.0983

3
-118.9582, 35.0193
-119.7828, 35.7899
252
69.3618

4
-117.5937, 33.3965
-117.0297, 32.5424
1565
66.339

5
-117.5937, 33.3963
-117.0299, 32.5424
1596
66.321

6
-120.0982, 36.0746
-120.7771, 36.8551
610
65.1463

7
-120.7773, 36.8549
-120.0985, 36.0744
354
65.1453

8
-122.2886, 41.1849
-122.6157, 42.0054
1791
59.3075

9
-122.2884, 41.1849
-122.6153, 42.0055
1907
59.3058

10
-90.506, 30.9998
-90.4018, 30.2854
845
49.6148

11
-90.5057, 30.9998
-90.4017, 30.2854
594
49.6113

12
-121.4481, 38.255
-121.3338, 37.5907
573
46.2496

13
-121.3334, 37.591
-121.4478, 38.2551
625
46.2339

14
-122.6153, 42.0055
-123.2293, 42.4243
837
43.9804

15
-123.2293, 42.4239
-122.6157, 42.0054
860
43.9501

16
-90.2237, 35.4377
-89.8749, 35.9996
336
43.1015

17
-90.2234, 35.4377
-89.8746, 35.9996
256
43.1012

18
-122.3121, 37.8975
-121.5571, 37.7386
1480
42.2185

19
-89.2068, 40.2816
-88.7283, 40.7561
824
41.706

20
-88.7288, 40.7561
-89.2073, 40.2816
775
41.7053

21
-85.9453, 34.1997
-85.5537, 34.7141
506
41.3179

22
-85.9443, 34.1997
-85.5537, 34.7138
501
41.2738

23
-121.5767, 37.7417
-122.3118, 37.8975
1734
41.1271

24
-87.7526, 33.0173
-87.0875, 33.2855
746
40.4043

25
-87.7523, 33.0173
-87.0875, 33.2853
693
40.384

26
-122.201, 39.7981
-122.2848, 40.3763
596
40.1531

27
-122.2007, 39.7981
-122.2846, 40.3763
608
40.1492

28
-118.0114, 33.8748
-117.5937, 33.3965
1418
39.9705

29
-118.0114, 33.8745
-117.5937, 33.3963
815
39.9703

30
-122.363, 40.6123
-122.2884, 41.1849
1607
39.7194

31
-122.3635, 40.6123
-122.2886, 41.1849
1597
39.7165

32
-123.053, 44.7376
-122.7848, 45.2619
672
38.9702

33
-122.7848, 45.2614
-123.0525, 44.7378
497
38.9135

34
-89.6949, 30.4626
-89.4279, 30.9825
656
38.6646

35
-89.6951, 30.4627
-89.4283, 30.9825
577
38.651

36
-123.0605, 44.2001
-123.0525, 44.7378
370
37.1073

37
-123.0609, 44.2001
-123.053, 44.7376
669
37.0934

38
-87.9054, 41.0029
-88.0962, 40.488
538
36.9935

39
-88.0959, 40.488
-87.9051, 41.0029
670
36.9926

40
-88.2652, 39.8792
-88.1285, 40.4005
457
36.7204

41
-88.1289, 40.4005
-88.2655, 39.8792
455
36.7199

42
-122.318, 47.7776
-122.3303, 47.2574
847
35.9039

43
-122.3177, 47.7776
-122.3298, 47.2574
840
35.9035

44
-122.3034, 48.2976
-122.3177, 47.7776
1042
35.8867

45
-122.304, 48.2976
-122.318, 47.7776
618
35.8847

46
-122.9027, 46.3875
-122.7399, 45.9007
548
34.7176

47
-122.7396, 45.9008
-122.9026, 46.3875
808
34.7117

48
-122.0001, 38.9255
-122.1929, 39.3852
731
33.3845

49
-122.0004, 38.9255
-122.1932, 39.3852
714
33.3838

50
-88.2461, 41.2602
-88.0296, 41.7049
415
32.8341

51
-89.6913, 36.4101
-89.5329, 36.8694
345
32.8253

52
-89.6915, 36.4103
-89.5332, 36.8694
358
32.8095

53
-88.2461, 41.2612
-88.0296, 41.705
735
32.7822

54
-122.757, 49.0021
-122.3648, 48.6451
650
32.4863

55
-122.3643, 48.6451
-122.756, 49.0021
651
32.4663

56
-89.5287, 39.9765
-89.6458, 39.524
661
31.8546

57
-89.6454, 39.524
-89.5282, 39.9765
467
31.8541

58
-121.089, 37.2459
-120.7773, 36.8549
359
31.8002

59
-120.7771, 36.8551
-121.0887, 37.2461
345
31.7973

60
-123.138, 43.7536
-123.0605, 44.2001
463
31.087

61
-123.0609, 44.2001
-123.138, 43.7538
751
31.0746

62
-121.4478, 38.2551
-121.6261, 38.6734
458
30.4249

63
-121.4481, 38.255
-121.6258, 38.6731
469
30.4032

64
-90.1073, 38.6598
-89.7496, 38.9988
428
30.3347

65
-89.75, 38.9988
-90.1077, 38.6598
447
30.3342

66
-89.0518, 31.818
-89.3195, 31.4341
505
30.1809

67
-89.3198, 31.434
-89.0524, 31.818
816
30.1728

68
-89.6915, 36.4103
-89.8749, 35.9996
378
30.02

69
-89.8746, 35.9996
-89.6913, 36.4101
430
30.0044

70
-88.4457, 41.1095
-88.7288, 40.7561
435
28.7838

71
-88.4452, 41.1095
-88.7283, 40.7561
287
28.7834

72
-122.1929, 39.3852
-122.2007, 39.7981
481
28.4911

73
-122.1932, 39.3852
-122.201, 39.7981
433
28.491

74
-88.4038, 32.449
-88.8332, 32.2247
666
27.878

75
-88.4038, 32.4488
-88.8328, 32.2247
961
27.8527

76
-89.5282, 39.9765
-89.2068, 40.2816
570
27.2872

77
-89.2073, 40.2816
-89.5287, 39.9765
571
27.283

78
-121.0887, 37.2461
-121.3334, 37.591
149
27.2225

79
-121.3338, 37.5907
-121.089, 37.2459
132
27.2177

80
-88.0991, 32.7371
-87.7523, 33.0173
378
26.9122

81
-88.0993, 32.7373
-87.7526, 33.0173
369
26.9009

82
-89.9208, 34.1643
-89.9384, 34.5537
480
26.8863

83
-89.9205, 34.1643
-89.9372, 34.5537
251
26.8842

84
-121.6258, 38.6731
-122.0004, 38.9255
416
26.6947

85
-121.6261, 38.6734
-122.0001, 38.9255
291
26.6556

86
-89.7725, 37.5913
-89.5668, 37.2404
421
26.6394

87
-89.5671, 37.2404
-89.7729, 37.5913
653
26.6376

88
-122.9027, 46.3875
-122.9925, 46.7645
392
26.4645

89
-122.9026, 46.3875
-122.9923, 46.7645
402
26.4642

90
-122.9925, 46.7645
-122.704, 47.0719
403
26.3113

91
-122.9923, 46.7645
-122.7039, 47.0717
453
26.3004

92
-89.6999, 39.1478
-89.6454, 39.524
166
26.1282

93
-89.6999, 39.1484
-89.6458, 39.524
136
26.0838

94
-119.7824, 35.79
-120.0982, 36.0746
331
26.0119

95
-119.7828, 35.7899
-120.0985, 36.0744
320
25.9949

96
-88.4038, 32.4488
-88.0991, 32.7371
283
25.8201

97
-88.0993, 32.7373
-88.4038, 32.449
273
25.8063

98
-86.5254, 33.6993
-86.1663, 33.9444
518
25.7337

99
-86.5253, 33.6998
-86.1662, 33.9447
519
25.7228

100
-89.5329, 36.8694
-89.5668, 37.2404
236
25.666

101
-89.5332, 36.8694
-89.5671, 37.2404
214
25.6659

102
-90.0163, 32.8972
-89.8077, 33.2304
461
25.6025

103
-89.808, 33.2305
-90.0165, 32.8973
251
25.601

104
-88.9596, 38.476
-88.8014, 38.8245
333
25.5224

105
-88.802, 38.8245
-88.9599, 38.476
291
25.5178

106
-90.3765, 38.4529
-90.2993, 38.0893
465
25.4317

107
-90.2996, 38.0894
-90.3768, 38.4529
770
25.4236

108
-90.4511, 31.6992
-90.3387, 32.0497
451
24.93

109
-90.3382, 32.0497
-90.4503, 31.6992
499
24.9252

110
-89.9858, 37.8337
-90.2996, 38.0894
380
24.4623

111
-90.2993, 38.0893
-89.9856, 37.8339
398
24.4449

112
-88.9118, 38.1257
-88.9596, 38.476
393
24.3073

113
-88.9121, 38.1257
-88.9599, 38.476
384
24.3072

114
-122.304, 48.2976
-122.3648, 48.6451
524
24.204

115
-122.3034, 48.2976
-122.3643, 48.6451
395
24.203

116
-90.4786, 31.3495
-90.4503, 31.6992
399
24.1811

117
-90.4793, 31.3495
-90.4511, 31.6992
313
24.1805

118
-90.4786, 31.3495
-90.5057, 30.9998
238
24.1744

119
-90.4793, 31.3495
-90.506, 30.9998
491
24.1732

120
-122.3298, 47.2574
-122.7039, 47.0717
464
23.9212

121
-122.704, 47.0719
-122.3303, 47.2574
421
23.8989

122
-90.0507, 32.7347
-90.145, 32.3998
335
23.6634

123
-90.1453, 32.3998
-90.051, 32.7346
331
23.6539

124
-88.4869, 39.2149
-88.6888, 38.9147
275
23.4078

125
-88.6882, 38.9147
-88.4865, 39.2149
249
23.4015

126
-90.3024, 35.4387
-90.5663, 35.7056
375
23.2851

127
-90.3028, 35.4387
-90.5667, 35.7056
448
23.2851

128
-90.2237, 35.4377
-90.076, 35.1278
537
22.827

129
-90.0759, 35.1278
-90.2234, 35.4377
452
22.8165

130
-118.2083, 34.0265
-118.4647, 34.2884
715
22.7631

131
-121.9528, 38.5257
-121.9469, 38.855
155
22.7238

132
-121.9531, 38.5256
-121.9444, 38.8521
211
22.5295

133
-119.7854, 39.5308
-119.8041, 39.2085
477
22.2656

134
-119.8043, 39.2084
-119.7856, 39.5307
497
22.2632

135
-123.3722, 42.725
-123.2293, 42.4239
918
22.1584

136
-123.372, 42.725
-123.2293, 42.4243
720
22.1316

137
-84.5386, 34.0757
-84.3922, 34.374
460
22.0477

138
-84.3924, 34.3733
-84.5389, 34.0757
411
22.0058

139
-118.2213, 34.0346
-118.4633, 34.2871
660
21.7817

140
-86.829, 33.5208
-87.0875, 33.2853
451
21.4236

141
-86.829, 33.5208
-87.0875, 33.2855
412
21.4145

142
-85.9443, 34.1997
-86.1663, 33.9444
548
21.3032

143
-86.1662, 33.9447
-85.9453, 34.1997
616
21.2542

144
-87.9054, 41.0029
-87.8308, 41.2952
313
20.5673

145
-118.6709, 34.5536
-118.8773, 34.8032
362
20.5138

146
-118.6709, 34.5536
-118.8771, 34.8032
379
20.5087

147
-89.9856, 37.8339
-89.7725, 37.5913
216
20.3132

148
-89.7729, 37.5913
-89.9858, 37.8337
394
20.3012

149
-86.5253, 33.6998
-86.8237, 33.5215
455
20.2748

150
-86.8237, 33.5215
-86.5254, 33.6993
476
20.2509

151
-88.4132, 39.3743
-88.2938, 39.6519
218
20.2114

152
-88.4129, 39.3743
-88.2935, 39.6519
201
20.2113

153
-122.6751, 45.6181
-122.7335, 45.8908
601
19.0811

154
-122.7337, 45.8905
-122.6753, 45.6182
348
19.0546

155
-89.9641, 34.7237
-90.0025, 34.995
213
18.8324

156
-90.0023, 34.995
-89.9638, 34.7238
213
18.8299

157
-78.5058, 35.7723
-78.8241, 35.8811
491
18.7554

158
-89.8549, 33.898
-89.9208, 34.1643
267
18.7152

159
-89.8546, 33.898
-89.9205, 34.1643
180
18.7151

160
-78.8245, 35.8802
-78.507, 35.7727
533
18.6802

161
-88.9423, 37.8621
-88.998, 37.5964
239
18.5838

162
-88.9984, 37.5964
-88.9427, 37.8621
287
18.5831

163
-89.5016, 36.8846
-89.2113, 37.0236
282
18.3769

164
-89.5016, 36.8849
-89.2114, 37.0237
303
18.3644

165
-88.9423, 37.8621
-88.9118, 38.1257
158
18.2608

166
-88.9427, 37.8621
-88.9121, 38.1257
164
18.2603

167
-87.6295, 41.7152
-87.7526, 41.4697
757
18.1975

168
-85.5537, 34.7138
-85.453, 34.9654
246
18.192

169
-85.5537, 34.7141
-85.4543, 34.9653
297
18.1479

170
-87.6308, 41.7146
-87.7523, 41.4697
552
18.1251

171
-90.1793, 32.2768
-90.3387, 32.0497
292
17.8807

172
-89.0524, 31.818
-88.913, 32.0525
397
17.8461

173
-90.3382, 32.0497
-90.1797, 32.2762
325
17.8191

174
-88.913, 32.0519
-89.0518, 31.818
300
17.7927

175
-89.1883, 37.081
-89.156, 37.3341
115
17.5518

176
-89.1886, 37.0811
-89.1563, 37.3342
130
17.5477

177
-87.6104, 41.8436
-87.9158, 41.7568
572
17.5438

178
-87.9158, 41.7566
-87.611, 41.8442
521
17.5343

179
-114.9297, 35.9931
-115.1495, 36.1749
699
17.269

180
-115.1499, 36.1746
-114.9304, 35.9933
635
17.2353

181
-122.3635, 40.6123
-122.2848, 40.3763
268
16.8284

182
-122.2846, 40.3763
-122.363, 40.6123
269
16.8251

183
-89.0422, 37.5494
-89.1563, 37.3342
191
16.0822

184
-89.156, 37.3341
-89.0422, 37.5492
181
16.0605

185
-121.3337, 37.5908
-121.5571, 37.7386
112
15.7948

186
-88.2938, 39.6519
-88.2655, 39.8792
147
15.7547

187
-88.2935, 39.6519
-88.2652, 39.8792
248
15.7546

188
-121.3356, 37.5927
-121.5571, 37.739
122
15.6443

189
-89.8546, 33.898
-89.8116, 33.6767
250
15.4443

190
-89.812, 33.6767
-89.8549, 33.898
309
15.4436

191
-87.8509, 41.0773
-87.8305, 41.2952
188
15.0795

192
-88.2461, 41.2612
-88.4457, 41.1095
199
15.024

193
-118.2093, 34.0267
-118.0114, 33.8745
329
14.9822

194
-88.2461, 41.2602
-88.4452, 41.1095
212
14.9562

195
-118.2083, 34.0265
-118.0114, 33.8748
326
14.9226

196
-86.787, 34.6617
-86.561, 34.7615
281
14.009

197
-89.7666, 33.4164
-89.7858, 33.6182
268
13.9645

198
-86.787, 34.6615
-86.5627, 34.7601
288
13.8947

199
-89.7674, 33.4164
-89.7857, 33.6153
219
13.7622

200
-118.9515, 35.0052
-118.8817, 34.8178
305
13.4701

201
-90.439, 30.0956
-90.4018, 30.2854
95
13.2494

202
-90.4017, 30.2854
-90.4391, 30.0975
99
13.1213

203
-89.8077, 33.2304
-89.7666, 33.4164
190
13.0197

204
-89.808, 33.2305
-89.7674, 33.4164
224
13.0098

205
-80.3668, 26.1271
-80.1341, 26.0802
326
12.9781

206
-122.7437, 45.4384
-122.6751, 45.6181
391
12.9403

207
-122.6753, 45.6182
-122.7437, 45.439
383
12.9002

208
-87.8308, 41.2952
-87.7526, 41.4697
195
12.7608

209
-87.8305, 41.2952
-87.7523, 41.4697
110
12.7604

210
-88.913, 32.0519
-88.8328, 32.2247
248
12.6815

211
-88.913, 32.0525
-88.8332, 32.2247
216
12.6355

212
-118.6275, 34.5021
-118.519, 34.3399
243
12.6325

213
-118.5195, 34.3404
-118.6275, 34.5021
247
12.5877

214
-80.1342, 26.0808
-80.3593, 26.1251
245
12.5328

215
-89.3488, 31.1753
-89.4143, 31.0101
85
11.9371

216
-89.4139, 31.0101
-89.3488, 31.1743
83
11.8636

217
-89.9372, 34.5537
-89.9638, 34.7238
174
11.8246

218
-89.9384, 34.5537
-89.9641, 34.7237
115
11.8142

219
-89.744, 30.3002
-89.6951, 30.4627
281
11.5183

220
-89.7429, 30.301
-89.6949, 30.4626
280
11.4436

221
-90.051, 32.7346
-90.0165, 32.8973
179
11.3808

222
-90.0507, 32.7347
-90.0163, 32.8972
274
11.3664

223
-89.6999, 39.1484
-89.75, 38.9988
152
10.6705

224
-89.7496, 38.9988
-89.6999, 39.1478
150
10.6244

225
-121.9546, 38.3744
-121.9531, 38.5256
112
10.4385

226
-76.6939, 38.9556
-76.5112, 38.9977
214
10.2889

227
-121.9528, 38.5257
-121.9533, 38.3783
123
10.1686

228
-76.5129, 38.9961
-76.6939, 38.9558
139
10.1626

229
-94.4351, 35.2919
-94.3488, 35.4216
282
10.0865

230
-94.4351, 35.2921
-94.3489, 35.4216
297
10.0785

231
-90.0023, 34.995
-90.0759, 35.1278
410
9.9923

232
-90.076, 35.1278
-90.0025, 34.995
308
9.9827

233
-92.2678, 34.5813
-92.2697, 34.7137
138
9.1376

234
-92.2702, 34.7135
-92.268, 34.5813
133
9.1223

235
-76.8585, 38.9455
-76.6939, 38.9558
160
8.9162

236
-76.6939, 38.9556
-76.8584, 38.9454
172
8.9097

237
-82.0844, 33.4933
-81.9259, 33.4622
357
8.8211

238
-82.0842, 33.4933
-81.926, 33.4623
314
8.806

239
-90.2803, 38.552
-90.3768, 38.4529
198
8.5999

240
-90.28, 38.5518
-90.3765, 38.4529
279
8.5881

241
-88.802, 38.8245
-88.6936, 38.9121
112
8.4145

242
-88.6936, 38.9118
-88.8014, 38.8245
98
8.3751

243
-88.4711, 39.2646
-88.4129, 39.3743
71
8.1942

244
-88.4711, 39.2655
-88.4132, 39.3743
68
8.1337

245
-90.1453, 32.3998
-90.1684, 32.2874
146
7.8563

246
-90.1679, 32.2874
-90.145, 32.3998
203
7.8531

247
-79.9627, 32.8911
-80.0328, 32.7916
350
7.8434

248
-80.0335, 32.7943
-79.9627, 32.891
424
7.6902

249
-122.7696, 45.3319
-122.7437, 45.439
155
7.5219

250
-81.9182, 33.5698
-81.926, 33.4623
152
7.4269

251
-81.9211, 33.5688
-81.9259, 33.4622
127
7.3644

252
-88.0296, 41.705
-87.9158, 41.7568
118
7.1075

253
-88.0296, 41.7049
-87.9158, 41.7566
135
7.1053

254
-89.3488, 31.1743
-89.3479, 31.2752
69
6.9647

255
-89.3488, 31.1753
-89.3479, 31.2748
120
6.8675

256
-79.9888, 37.3273
-79.9713, 37.2297
327
6.8043

257
-79.9714, 37.2296
-79.989, 37.3272
325
6.8014

258
-90.1896, 38.62
-90.2803, 38.552
207
6.782

259
-90.1897, 38.6199
-90.28, 38.5518
458
6.7705

260
-86.9017, 34.6277
-86.787, 34.6615
141
6.6177

261
-86.787, 34.6617
-86.9006, 34.6279
109
6.5626

262
-119.7719, 39.1206
-119.8041, 39.2085
259
6.3032

263
-119.7719, 39.1208
-119.8043, 39.2084
267
6.2929

264
-88.1289, 40.4005
-88.0962, 40.488
51
6.291

265
-88.1285, 40.4005
-88.0959, 40.488
54
6.2907

266
-89.3195, 31.4341
-89.352, 31.3466
79
6.2869

267
-89.3523, 31.3466
-89.3198, 31.434
127
6.2856

268
-87.9051, 41.0029
-87.8516, 41.0772
85
5.8801

269
-122.4079, 37.9326
-122.3118, 37.8975
314
5.7264

270
-84.5565, 33.994
-84.5389, 34.0757
91
5.7187

271
-122.3121, 37.8975
-122.4079, 37.9326
171
5.7168

272
-84.5594, 33.9965
-84.5386, 34.0757
85
5.5794

273
-122.7691, 45.3319
-122.744, 45.4061
66
5.2997

274
-81.1152, 32.0302
-81.143, 32.0995
118
5.0107

275
-81.1153, 32.0301
-81.1431, 32.0993
131
5.0035

276
-90.1826, 38.6179
-90.1073, 38.6598
175
4.9905

277
-90.1826, 38.6181
-90.1077, 38.6598
148
4.965

278
-89.3523, 31.3466
-89.3479, 31.2748
75
4.9564

279
-122.7848, 45.2614
-122.7691, 45.3319
54
4.9357

280
-89.3479, 31.2752
-89.352, 31.3466
70
4.9277

281
-122.7696, 45.3319
-122.7848, 45.2619
44
4.897

282
-89.7857, 33.6153
-89.812, 33.6767
96
4.4671

283
-89.7858, 33.6182
-89.8116, 33.6767
73
4.2709

284
-118.6709, 34.5536
-118.6275, 34.5021
68
4.257

285
-118.6709, 34.5536
-118.6275, 34.5021
95
4.257

286
-79.8501, 32.8104
-79.8963, 32.8599
123
4.2324

287
-79.8498, 32.8106
-79.8962, 32.86
162
4.2287

288
-79.9627, 32.8911
-79.8962, 32.86
54
4.1836

289
-79.9627, 32.891
-79.8963, 32.8599
68
4.1802

290
-89.2113, 37.0236
-89.1883, 37.081
100
4.1513

291
-89.1886, 37.0811
-89.2114, 37.0237
70
4.1488

292
-89.0422, 37.5492
-88.998, 37.5964
51
4.0339

293
-88.9984, 37.5964
-89.0422, 37.5494
50
4.01

294
-77.6074, 43.1098
-77.547, 43.1432
105
3.989

295
-77.6064, 43.1105
-77.5475, 43.1433
109
3.9035

296
-92.2085, 34.4928
-92.2449, 34.5393
55
3.7663

297
-92.2449, 34.5389
-92.2088, 34.4928
55
3.7352

298
-88.4711, 39.2655
-88.4869, 39.2149
40
3.5899

299
-88.4865, 39.2149
-88.4711, 39.2646
27
3.5286

300
-122.5149, 37.9651
-122.4653, 37.9398
59
3.1941

301
-92.268, 34.5813
-92.2449, 34.5389
43
3.1766

302
-92.2678, 34.5813
-92.2449, 34.5393
67
3.1455

303
-89.9396, 30.0145
-89.9392, 30.0599
74
3.1297

304
-89.9395, 30.0598
-89.9397, 30.0145
52
3.1193

305
-122.4653, 37.9398
-122.5109, 37.9632
90
2.9432

306
-76.2645, 36.9148
-76.3043, 36.9408
39
2.7998

307
-117.2402, 32.9297
-117.2272, 32.8915
65
2.7297

308
-94.3209, 35.4534
-94.3489, 35.4216
66
2.6616

309
-94.3488, 35.4216
-94.3204, 35.4527
132
2.6397

310
-76.2672, 36.9164
-76.3044, 36.9408
43
2.6189

311
-117.8768, 33.7792
-117.8457, 33.7514
44
2.5493

312
-117.8458, 33.7516
-117.8766, 33.7793
52
2.5334

313
-118.5195, 34.3404
-118.4889, 34.3142
108
2.4526

314
-81.9678, 34.991
-81.9373, 34.9714
47
2.1329

315
-81.9679, 34.9912
-81.9374, 34.9716
53
2.1284

316
-89.5016, 36.8846
-89.5343, 36.873
18
1.9421

317
-89.5339, 36.8734
-89.5016, 36.8849
27
1.9177

318
-122.4653, 37.9398
-122.434, 37.9345
10
1.7311

319
-89.4252, 30.9877
-89.4139, 31.0101
28
1.6587

320
-92.1229, 46.7657
-92.101, 46.7491
77
1.6518

321
-92.1011, 46.7491
-92.1239, 46.7649
62
1.6457

322
-89.4252, 30.9887
-89.4143, 31.0101
20
1.5883

323
-92.2081, 34.4701
-92.2088, 34.4928
25
1.562

324
-118.4735, 34.2971
-118.4889, 34.3142
17
1.4427

325
-79.999, 40.4592
-79.9937, 40.4389
72
1.4296

326
-79.9939, 40.4389
-79.9994, 40.4591
86
1.4263

327
-122.4079, 37.9326
-122.434, 37.9345
21
1.4139

328
-118.4745, 34.2979
-118.489, 34.314
14
1.3607

329
-122.744, 45.4061
-122.744, 45.4254
23
1.3293

330
-92.1011, 46.7491
-92.0979, 46.7325
21
1.1534

331
-79.9961, 37.3429
-79.989, 37.3272
53
1.1509

332
-79.9888, 37.3273
-79.9936, 37.3435
45
1.146

333
-79.9988, 40.4583
-79.991, 40.4429
54
1.1425

334
-74.0112, 41.9326
-74.0272, 41.9432
41
1.1313

335
-78.8356, 35.8675
-78.8241, 35.8811
22
1.1268

336
-74.0117, 41.9326
-74.0271, 41.9431
29
1.102

337
-118.5017, 34.3239
-118.5126, 34.3367
41
1.0568

338
-78.8352, 35.8675
-78.8245, 35.8802
18
1.0494

339
-118.8773, 34.8032
-118.8817, 34.8178
41
1.0349

340
-118.9515, 35.0052
-118.9582, 35.0193
18
1.0324

341
-118.9582, 35.0193
-118.9515, 35.0052
11
1.0324

342
-118.4889, 34.3142
-118.502, 34.3246
30
1.0084

343
-90.1797, 32.2762
-90.1679, 32.2874
41
1.0031

344
-121.5767, 37.7417
-121.5585, 37.7402
34
0.9893

345
-121.5767, 37.7417
-121.5585, 37.7402
52
0.9893

346
-118.512, 34.3366
-118.502, 34.3246
56
0.9886

347
-118.502, 34.3246
-118.512, 34.3366
37
0.9886

348
-118.489, 34.314
-118.5017, 34.3239
27
0.9682

349
-118.5017, 34.3239
-118.489, 34.314
42
0.9682

350
-118.4633, 34.2871
-118.4745, 34.2979
34
0.9569

351
-118.4633, 34.2871
-118.4745, 34.2979
12
0.9569

352
-123.3709, 42.7395
-123.3717, 42.7258
44
0.9422

353
-90.1793, 32.2768
-90.1684, 32.2874
37
0.9375

354
-123.3711, 42.7395
-123.3717, 42.7261
31
0.9228

355
-118.2213, 34.0346
-118.2083, 34.0265
34
0.8974

356
-92.2085, 34.4928
-92.2081, 34.4803
13
0.8592

357
-118.2213, 34.0346
-118.2093, 34.0267
48
0.846

358
-92.101, 46.7491
-92.0978, 46.7378
16
0.7976

359
-118.2209, 34.0334
-118.2093, 34.0267
26
0.7795

360
-118.4647, 34.2884
-118.4735, 34.2971
10
0.7688

361
-118.4647, 34.2884
-118.4735, 34.2971
14
0.7688

362
-84.3939, 34.3812
-84.3924, 34.3733
17
0.5537

363
-122.7441, 45.4333
-122.744, 45.4254
12
0.543

364
-84.3922, 34.374
-84.3935, 34.3813
5
0.5109

365
-118.512, 34.3366
-118.5195, 34.3404
12
0.4841

366
-92.2081, 34.4803
-92.2081, 34.4734
8
0.4789

367
-89.4283, 30.9825
-89.4252, 30.9887
4
0.458

368
-122.736, 45.8949
-122.7396, 45.9008
7
0.4564

369
-122.7399, 45.9007
-122.7363, 45.8948
3
0.4554

370
-118.5126, 34.3367
-118.519, 34.3399
12
0.4151

371
-118.519, 34.3399
-118.5126, 34.3367
15
0.4151

372
-90.1826, 38.6179
-90.1897, 38.6199
17
0.4046

373
-90.1826, 38.6181
-90.1896, 38.62
25
0.4026

374
-89.4252, 30.9877
-89.4279, 30.9825
3
0.3883

375
-88.6936, 38.9118
-88.6882, 38.9147
6
0.3552

376
-122.7437, 45.4384
-122.7441, 45.4333
11
0.352

377
-122.7363, 45.8948
-122.7337, 45.8905
4
0.3244

378
-88.6888, 38.9147
-88.6936, 38.9121
6
0.3154

379
-122.7335, 45.8908
-122.736, 45.8949
10
0.3097

380
-86.829, 33.5208
-86.8237, 33.5215
11
0.2887

381
-86.8237, 33.5215
-86.829, 33.5208
6
0.2887

382
-121.3337, 37.5908
-121.331, 37.5887
4
0.2033

383
-117.0291, 32.5429
-117.0313, 32.5444
12
0.1595

384
-92.2081, 34.4734
-92.2081, 34.4717
7
0.1175

385
-121.5585, 37.7402
-121.5571, 37.739
6
0.1145

386
-92.2081, 34.4701
-92.2081, 34.4717
797
0.106

387
-123.3717, 42.7261
-123.3722, 42.725
4
0.0849

388
-123.3717, 42.7258
-123.372, 42.725
4
0.0637

389
-118.5017, 34.3239
-118.502, 34.3246
3
0.0504

390
-117.0284, 32.5425
-117.0291, 32.5429
3
0.0423

391
-87.8509, 41.0773
-87.8516, 41.0772
3
0.0386

392
-87.8516, 41.0772
-87.8509, 41.0773
3
0.0386

393
-118.5126, 34.3367
-118.512, 34.3366
2
0.028

394
-117.0289, 32.5425
-117.0291, 32.5429
3
0.0277

395
-90.3028, 35.4387
-90.3024, 35.4387
128
0.0208

396
-90.1896, 38.62
-90.1897, 38.6199
2
0.0076

397
-122.2863, 40.4362
-122.2864, 40.4363
4
0.0073

398
-90.1897, 38.62
-90.1897, 38.6199
2
0.0054

399
-89.9208, 34.1643
-89.9208, 34.1643
3
0.0018

400
-78.8245, 35.8802
-78.8245, 35.8802
2
0.001