0
-107.5054, 41.764
-110.0489, 41.4644
1480
138.8954

1
-110.0489, 41.4649
-107.5054, 41.7645
1910
138.8951

2
-114.0437, 40.738
-116.1577, 40.7091
1742
114.1771

3
-116.1577, 40.7094
-114.0437, 40.7381
1733
114.177

4
-112.2248, 40.7234
-114.0437, 40.738
894
98.2241

5
-114.0437, 40.7381
-112.225, 40.7235
805
98.2136

6
-107.5054, 41.764
-106.0714, 41.5307
747
79.092

7
-107.5054, 41.7645
-106.0714, 41.5317
1165
79.0843

8
-117.9522, 40.8578
-118.6803, 39.9985
674
71.1427

9
-117.9529, 40.8578
-118.6808, 39.9985
698
71.1383

10
-104.0534, 41.1806
-105.2789, 41.1164
685
66.3261

11
-105.2789, 41.1169
-104.0534, 41.1809
864
66.325

12
-101.2703, 41.1169
-100.2244, 40.9421
508
57.7554

13
-101.2703, 41.1171
-100.2244, 40.9423
480
57.7548

14
-111.0468, 41.2482
-110.0489, 41.4649
881
55.9229

15
-111.0468, 41.2477
-110.0489, 41.4644
723
55.9228

16
-121.2934, 38.7218
-120.6173, 39.3154
1685
54.872

17
-120.6249, 39.3154
-121.2938, 38.7218
2358
54.6133

18
-117.9528, 40.8578
-117.0186, 40.7063
835
51.5204

19
-117.0186, 40.7055
-117.9522, 40.8578
829
51.5002

20
-105.2789, 41.1169
-106.0714, 41.5317
733
51.4847

21
-105.2789, 41.1164
-106.0714, 41.5307
943
51.4666

22
-99.4166, 40.693
-100.2244, 40.9423
415
46.8883

23
-100.2244, 40.9421
-99.4166, 40.6927
420
46.8871

24
-111.0468, 41.2482
-111.6235, 40.7537
1715
46.1939

25
-111.6235, 40.7535
-111.0468, 41.2477
1713
46.1795

26
-95.1553, 41.4982
-95.9109, 41.2316
746
44.7572

27
-95.9108, 41.2319
-95.1553, 41.4984
748
44.7492

28
-102.0556, 41.0533
-101.2703, 41.1169
687
42.6286

29
-102.0556, 41.0536
-101.2703, 41.1171
687
42.6285

30
-102.6106, 41.1137
-103.3761, 41.2202
409
41.9874

31
-103.3761, 41.2204
-102.6106, 41.1139
401
41.9871

32
-78.7954, 41.1487
-78.0842, 40.9679
812
40.3837

33
-78.7952, 41.1491
-78.0845, 40.9683
841
40.3547

34
-119.2935, 39.618
-120.0029, 39.4682
1131
39.6758

35
-99.4166, 40.693
-98.7215, 40.7224
366
37.5923

36
-98.7215, 40.7221
-99.4166, 40.6927
370
37.591

37
-89.1646, 41.3648
-89.8569, 41.3937
483
37.4363

38
-89.1646, 41.3646
-89.8569, 41.3935
527
37.4355

39
-104.0534, 41.1809
-103.3761, 41.2204
300
36.6729

40
-103.3761, 41.2202
-104.0534, 41.1806
289
36.6727

41
-121.7384, 38.5376
-122.2015, 38.1682
497
35.7067

42
-121.7509, 38.5304
-122.2019, 38.1683
489
34.8897

43
-111.6235, 40.7537
-112.225, 40.7235
1025
32.545

44
-112.2248, 40.7234
-111.6235, 40.7535
816
32.5366

45
-92.7664, 41.6955
-93.3485, 41.681
444
31.4496

46
-93.3485, 41.6807
-92.7664, 41.6953
405
31.4479

47
-88.5938, 41.3764
-89.1646, 41.3646
303
30.8339

48
-89.1646, 41.3648
-88.5938, 41.3766
315
30.833

49
-119.0982, 39.7046
-118.6808, 39.9985
574
30.3182

50
-102.0556, 41.0533
-102.6106, 41.1137
329
30.2589

51
-90.3646, 41.5796
-90.8995, 41.6331
281
29.1235

52
-90.8995, 41.6329
-90.3647, 41.5795
280
29.1163

53
-78.0842, 40.9679
-77.5611, 41.0242
490
28.5118

54
-78.0845, 40.9683
-77.5617, 41.025
505
28.4999

55
-80.519, 41.1846
-79.9994, 41.2025
646
28.0849

56
-117.0342, 32.5457
-117.2278, 32.9109
794
27.2801

57
-119.06, 39.74
-118.6803, 39.9985
491
27.1765

58
-117.0334, 32.5447
-117.2263, 32.9079
774
27.1376

59
-82.3447, 41.3433
-82.844, 41.3502
464
26.969

60
-82.3447, 41.3435
-82.844, 41.3504
440
26.9688

61
-84.3812, 41.6019
-83.8825, 41.6
476
26.9309

62
-83.8825, 41.5998
-84.3812, 41.6017
444
26.9306

63
-89.8569, 41.3937
-90.3301, 41.4405
550
25.7553

64
-90.3296, 41.4402
-89.8569, 41.3935
378
25.7296

65
-88.2522, 41.4631
-87.7926, 41.5511
738
25.5542

66
-88.2522, 41.4629
-87.7926, 41.5509
493
25.5536

67
-91.3663, 41.666
-90.8995, 41.6329
246
25.3098

68
-90.8995, 41.6331
-91.3663, 41.6662
260
25.3098

69
-91.8342, 41.6872
-91.3663, 41.666
284
25.3053

70
-91.8341, 41.6874
-91.3663, 41.6662
316
25.3051

71
-92.2998, 41.6957
-92.7664, 41.6953
197
25.1959

72
-92.7664, 41.6955
-92.2998, 41.6959
211
25.1942

73
-91.8341, 41.6874
-92.2998, 41.6959
251
25.1522

74
-91.8342, 41.6872
-92.2998, 41.6957
215
25.1517

75
-96.9107, 40.8206
-96.4637, 40.9217
285
25.1216

76
-96.4637, 40.9213
-96.9107, 40.8204
285
25.1191

77
-75.5899, 41.0773
-75.1399, 40.9891
818
25.0495

78
-75.5897, 41.077
-75.1402, 40.9892
540
25.0197

79
-85.6597, 41.7504
-85.1966, 41.7564
261
25.0118

80
-85.6597, 41.7502
-85.1966, 41.7561
299
25.0117

81
-86.5245, 41.7419
-86.0622, 41.7311
478
24.9721

82
-86.0622, 41.7313
-86.5245, 41.7422
488
24.9719

83
-83.2836, 41.4579
-82.844, 41.3502
245
24.8734

84
-82.844, 41.3504
-83.2832, 41.4579
229
24.8479

85
-94.7005, 41.4968
-94.2416, 41.4933
375
24.7834

86
-94.2416, 41.4935
-94.7005, 41.4971
356
24.7831

87
-79.6689, 41.1857
-79.2101, 41.1894
818
24.7806

88
-79.2101, 41.1897
-79.6686, 41.1861
829
24.7612

89
-96.9107, 40.8204
-97.3684, 40.8214
203
24.7189

90
-96.9107, 40.8206
-97.3684, 40.8216
215
24.7183

91
-97.3684, 40.8216
-97.8258, 40.8213
175
24.7006

92
-97.8258, 40.821
-97.3684, 40.8214
174
24.7002

93
-120.4371, 39.3162
-120.0105, 39.4451
889
24.6975

94
-97.8258, 40.821
-98.2826, 40.821
168
24.666

95
-98.2826, 40.8212
-97.8258, 40.8213
180
24.6659

96
-98.7215, 40.7221
-98.2826, 40.821
254
24.664

97
-98.7215, 40.7224
-98.2826, 40.8212
259
24.6624

98
-76.2234, 41.0126
-75.7703, 41.0557
575
24.6503

99
-75.7703, 41.0555
-76.2233, 41.0122
647
24.6473

100
-93.7906, 41.5923
-93.3485, 41.681
287
24.6471

101
-93.3485, 41.6807
-93.7906, 41.5921
282
24.6469

102
-120.4354, 39.3162
-120.0103, 39.4451
669
24.6156

103
-94.7005, 41.4971
-95.1553, 41.4984
330
24.5599

104
-94.7005, 41.4968
-95.1553, 41.4982
347
24.5596

105
-86.5245, 41.7422
-86.9315, 41.5855
447
24.4921

106
-86.9315, 41.5854
-86.5245, 41.7419
560
24.4918

107
-116.1577, 40.7091
-116.5958, 40.6853
459
23.7106

108
-116.1577, 40.7094
-116.5958, 40.6857
478
23.7102

109
-93.7906, 41.5923
-94.2092, 41.5035
272
23.4186

110
-94.2088, 41.5035
-93.7906, 41.5921
243
23.3947

111
-74.7602, 40.9133
-74.3311, 40.8669
674
23.3936

112
-74.3317, 40.8669
-74.7601, 40.9134
658
23.3581

113
-84.3812, 41.6017
-84.8057, 41.6284
325
22.9966

114
-84.3812, 41.6019
-84.8057, 41.6287
285
22.9962

115
-117.0186, 40.7063
-116.5958, 40.6857
353
22.8789

116
-116.5958, 40.6853
-117.0186, 40.7055
500
22.8769

117
-84.8057, 41.6287
-85.1966, 41.7564
438
22.8751

118
-84.8057, 41.6284
-85.1966, 41.7561
569
22.8734

119
-77.5617, 41.025
-77.1437, 41.0461
508
22.6192

120
-79.2101, 41.1897
-78.7952, 41.1491
497
22.5781

121
-78.7954, 41.1487
-79.2101, 41.1894
548
22.568

122
-77.5611, 41.0242
-77.1442, 41.0446
497
22.5578

123
-86.0622, 41.7311
-85.6597, 41.7502
396
21.7752

124
-86.0622, 41.7313
-85.6597, 41.7504
513
21.7751

125
-120.0029, 39.468
-119.6088, 39.5312
686
21.7228

126
-81.0029, 41.2414
-81.3919, 41.2544
302
21.0292

127
-81.3919, 41.2542
-81.0029, 41.2412
308
21.0283

128
-79.9994, 41.2029
-80.3852, 41.1836
321
20.8743

129
-82.3447, 41.3435
-81.971, 41.3693
325
20.2592

130
-82.3447, 41.3433
-81.971, 41.3691
310
20.2585

131
-75.1355, 40.9769
-74.7752, 40.9163
781
19.902

132
-88.2522, 41.4629
-88.5938, 41.3764
200
19.387

133
-74.7845, 40.925
-75.1354, 40.977
798
19.2866

134
-102.4102, 41.0545
-102.0556, 41.0536
195
19.153

135
-81.971, 41.3693
-81.6415, 41.2775
317
18.889

136
-81.642, 41.2775
-81.971, 41.3691
342
18.8564

137
-76.5656, 41.0036
-76.2233, 41.0122
385
18.4944

138
-76.5657, 41.004
-76.2234, 41.0126
381
18.4913

139
-88.5938, 41.3766
-88.2986, 41.4616
178
16.9855

140
-121.5476, 38.5987
-121.2934, 38.7218
226
16.1396

141
-121.5479, 38.5988
-121.2938, 38.7218
242
16.1323

142
-87.2219, 41.5896
-86.9315, 41.5855
254
15.687

143
-87.2219, 41.5893
-86.9315, 41.5854
319
15.6843

144
-77.1442, 41.0446
-76.8564, 41.0516
301
15.5466

145
-77.1437, 41.0461
-76.8565, 41.052
253
15.515

146
-96.2969, 41.0266
-96.1009, 41.1906
242
15.4936

147
-96.2973, 41.0268
-96.1013, 41.1906
224
15.4839

148
-83.8825, 41.6
-83.6064, 41.5803
170
14.9704

149
-83.8825, 41.5998
-83.6066, 41.5801
182
14.9621

150
-119.06, 39.74
-119.286, 39.6182
221
14.8194

151
-79.7291, 41.1727
-79.9994, 41.2029
344
14.7455

152
-79.7303, 41.1727
-79.9994, 41.2025
380
14.6733

153
-87.5253, 41.577
-87.7926, 41.5509
461
14.5449

154
-87.7926, 41.5511
-87.5253, 41.5771
515
14.5448

155
-119.2938, 39.6176
-119.5409, 39.5637
394
13.8522

156
-81.642, 41.2775
-81.3919, 41.2542
241
13.5986

157
-81.6415, 41.2775
-81.3919, 41.2544
232
13.5674

158
-80.519, 41.1849
-80.7368, 41.134
261
12.2769

159
-80.736, 41.1341
-80.519, 41.1846
284
12.23

160
-122.2252, 38.061
-122.3091, 37.8979
303
12.1327

161
-122.2264, 38.0611
-122.3093, 37.8979
430
12.1184

162
-119.2858, 39.6185
-119.0982, 39.7046
172
11.7455

163
-96.4637, 40.9213
-96.2969, 41.0266
155
11.5715

164
-102.6106, 41.1139
-102.4102, 41.0545
160
11.5682

165
-96.4637, 40.9217
-96.2973, 41.0268
158
11.5501

166
-83.6066, 41.5801
-83.4146, 41.5101
143
11.4357

167
-83.6064, 41.5803
-83.4146, 41.5103
154
11.4276

168
-76.7755, 41.0096
-76.5656, 41.0036
277
11.3413

169
-76.7753, 41.01
-76.5657, 41.004
295
11.3284

170
-121.5476, 38.5987
-121.7384, 38.5376
123
11.13

171
-121.5479, 38.5988
-121.7386, 38.5377
157
11.1268

172
-96.1013, 41.1906
-95.9108, 41.2319
297
10.675

173
-96.1009, 41.1906
-95.9109, 41.2316
274
10.6441

174
-81.0029, 41.2414
-80.865, 41.1343
158
10.4885

175
-80.8654, 41.1343
-81.0029, 41.2412
170
10.463

176
-75.7703, 41.0555
-75.5897, 41.077
263
9.8627

177
-75.5899, 41.0773
-75.7703, 41.0557
179
9.8507

178
-121.5158, 38.5714
-121.3768, 38.6466
225
9.1219

179
-121.4733, 38.5589
-121.3785, 38.6439
162
7.7855

180
-80.3852, 41.1836
-80.519, 41.1849
98
7.2254

181
-74.1335, 40.9021
-74.2665, 40.8944
292
7.2041

182
-74.2664, 40.8942
-74.1335, 40.9019
299
7.1952

183
-120.5567, 39.3156
-120.4354, 39.3162
224
6.5517

184
-122.2146, 38.155
-122.2252, 38.061
142
6.5098

185
-122.2264, 38.0611
-122.2149, 38.155
132
6.5097

186
-120.5553, 39.3156
-120.4371, 39.3162
280
6.3816

187
-122.3496, 37.8188
-122.3091, 37.8979
125
5.8771

188
-122.3093, 37.8979
-122.3498, 37.8192
194
5.8483

189
-80.8381, 41.1101
-80.736, 41.1341
117
5.7561

190
-80.7368, 41.134
-80.8378, 41.1101
94
5.6969

191
-74.0941, 40.9031
-74.0055, 40.8668
232
5.4012

192
-74.0941, 40.9031
-74.0059, 40.8661
182
5.401

193
-76.7753, 41.01
-76.8565, 41.052
125
5.2541

194
-76.8564, 41.0516
-76.7755, 41.0096
109
5.2414

195
-90.3297, 41.4405
-90.3409, 41.5115
77
4.938

196
-90.3412, 41.5114
-90.3301, 41.4405
115
4.9288

197
-90.3412, 41.5114
-90.3647, 41.5795
132
4.8702

198
-90.3409, 41.5115
-90.3646, 41.5796
74
4.8668

199
-119.6088, 39.5312
-119.5409, 39.5637
89
4.3018

200
-74.2665, 40.8944
-74.3317, 40.8669
114
3.9944

201
-74.3311, 40.8669
-74.2664, 40.8942
116
3.9671

202
-74.1335, 40.9021
-74.0665, 40.8839
131
3.8301

203
-120.6249, 39.3154
-120.5553, 39.3156
176
3.7569

204
-74.0665, 40.8839
-74.004, 40.8681
157
3.5436

205
-74.004, 40.8684
-74.0665, 40.8839
116
3.5404

206
-83.3912, 41.5005
-83.3385, 41.4765
45
3.2933

207
-120.5567, 39.3156
-120.6173, 39.3154
111
3.2738

208
-83.3907, 41.5005
-83.3385, 41.4767
49
3.2635

209
-83.2832, 41.4579
-83.3385, 41.4767
53
3.2578

210
-83.3385, 41.4765
-83.2836, 41.4579
51
3.2308

211
-121.5724, 38.5749
-121.516, 38.5713
71
3.0567

212
-121.5158, 38.5714
-121.5701, 38.5755
105
2.9466

213
-88.2986, 41.4616
-88.2522, 41.4631
38
2.5072

214
-121.516, 38.5713
-121.4734, 38.5587
49
2.4573

215
-80.8654, 41.1343
-80.8381, 41.1101
48
2.2285

216
-80.8378, 41.1101
-80.865, 41.1343
45
2.2248

217
-122.3645, 37.8106
-122.3902, 37.7867
24
2.1584

218
-74.1335, 40.9019
-74.0941, 40.9031
62
2.1287

219
-94.2088, 41.5035
-94.2416, 41.4933
32
1.9037

220
-94.2416, 41.4935
-94.2092, 41.5035
27
1.8793

221
-79.6986, 41.1729
-79.7303, 41.1727
56
1.7144

222
-120.0105, 39.4451
-120.0029, 39.4682
48
1.6425

223
-79.6987, 41.1729
-79.7291, 41.1727
59
1.6381

224
-120.0103, 39.4451
-120.0029, 39.468
48
1.6262

225
-79.698, 41.174
-79.6731, 41.1846
29
1.5296

226
-79.6979, 41.174
-79.6731, 41.1843
35
1.5167

227
-83.4146, 41.5103
-83.3907, 41.5005
22
1.4545

228
-83.4146, 41.5101
-83.3912, 41.5005
25
1.4261

229
-122.4058, 37.7703
-122.3902, 37.7867
50
1.4072

230
-122.3902, 37.7867
-122.4054, 37.7704
54
1.3922

231
-122.2146, 38.155
-122.2015, 38.1682
18
1.158

232
-122.2149, 38.155
-122.2019, 38.1683
25
1.1565

233
-122.3009, 37.8264
-122.3198, 37.8234
24
1.0378

234
-122.3498, 37.8192
-122.3645, 37.8106
17
0.9939

235
-122.3645, 37.8106
-122.3496, 37.8188
20
0.9842

236
-122.2972, 37.8403
-122.2967, 37.8274
32
0.8895

237
-75.1355, 40.9769
-75.1402, 40.9892
27
0.8861

238
-74.7759, 40.9169
-74.7601, 40.9134
32
0.8852

239
-121.7509, 38.5304
-121.7386, 38.5377
21
0.8344

240
-74.7752, 40.9163
-74.7602, 40.9133
30
0.8332

241
-75.1354, 40.977
-75.1383, 40.9855
43
0.6042

242
-87.2316, 41.5861
-87.2219, 41.5896
55
0.5715

243
-87.2315, 41.5861
-87.2219, 41.5893
53
0.5616

244
-122.2938, 37.829
-122.2956, 37.8359
20
0.4857

245
-119.286, 39.6182
-119.2938, 39.6176
12
0.421

246
-119.2935, 39.618
-119.2858, 39.6185
7
0.4205

247
-74.7808, 40.9215
-74.7759, 40.9169
19
0.4098

248
-74.7845, 40.925
-74.7808, 40.9215
21
0.3144

249
-75.1383, 40.9855
-75.1399, 40.9891
24
0.2685

250
-75.1383, 40.9855
-75.1399, 40.9891
18
0.2685

251
-79.6686, 41.1861
-79.6731, 41.1846
13
0.2623

252
-79.6731, 41.1843
-79.6689, 41.1857
13
0.2429

253
-75.1402, 40.9892
-75.1427, 40.9897
12
0.1431

254
-79.698, 41.174
-79.6987, 41.1729
5
0.0897

255
-79.6986, 41.1729
-79.6979, 41.174
4
0.0856

256
-90.3301, 41.4405
-90.3296, 41.4402
4
0.0317

257
-80.8378, 41.1101
-80.8381, 41.1101
2
0.0187

258
-90.3296, 41.4402
-90.3297, 41.4405
2
0.0187

259
-102.4102, 41.0545
-102.4103, 41.0543
2
0.0161

260
-87.2315, 41.5861
-87.2314, 41.5859
4
0.0147

261
-75.1399, 40.9891
-75.1402, 40.9892
3
0.0133

262
-87.5253, 41.577
-87.5253, 41.5771
723
0.009

263
-87.2316, 41.5861
-87.2315, 41.5861
2
0.0046