0
-118.358, 45.429
-119.4348, 45.8025
1478
63.6015

1
-119.4348, 45.8022
-118.3582, 45.429
1152
63.5826

2
-112.8335, 41.9994
-112.0344, 41.3365
1409
62.8799

3
-112.0341, 41.3365
-112.8325, 41.9994
1054
62.8572

4
-117.922, 45.0189
-117.2373, 44.3015
1029
61.7877

5
-117.2379, 44.3015
-117.9224, 45.0187
1559
61.7682

6
-115.9749, 43.365
-115.0867, 42.9427
723
56.1211

7
-115.9749, 43.3645
-115.0867, 42.9424
802
56.1148

8
-113.6307, 42.5687
-113.0, 42.1683
483
43.8531

9
-113.0, 42.1689
-113.6306, 42.569
525
43.8384

10
-122.6617, 45.5254
-121.9221, 45.6454
592
40.7886

11
-122.6607, 45.5255
-121.9221, 45.6451
607
40.7293

12
-73.997, 41.52
-74.6953, 41.3578
751
39.3335

13
-73.9972, 41.5195
-74.6955, 41.3578
725
39.3251

14
-114.6169, 42.7419
-113.932, 42.5764
426
38.7079

15
-113.932, 42.5767
-114.6169, 42.7422
427
38.7071

16
-117.9224, 45.0187
-118.3582, 45.429
1097
36.8159

17
-118.358, 45.429
-117.922, 45.0189
809
36.81

18
-120.6493, 45.7313
-119.9995, 45.8015
375
35.4186

19
-120.6492, 45.7311
-119.9995, 45.8006
433
35.4088

20
-75.3389, 41.3475
-74.6953, 41.3578
472
34.762

21
-75.3373, 41.3461
-74.6955, 41.3578
453
34.6688

22
-116.4735, 43.5969
-115.9749, 43.3645
321
31.34

23
-115.9749, 43.365
-116.4735, 43.5972
354
31.3325

24
-119.9995, 45.8015
-119.4348, 45.8025
163
30.4959

25
-119.9995, 45.8006
-119.4348, 45.8022
268
30.4953

26
-115.0867, 42.9427
-114.6169, 42.7422
345
28.8969

27
-114.6169, 42.7419
-115.0867, 42.9424
354
28.8955

28
-120.9145, 45.6352
-121.4412, 45.692
954
28.7108

29
-121.4412, 45.6921
-120.9145, 45.6353
806
28.7088

30
-121.9221, 45.6451
-121.4412, 45.692
625
26.17

31
-121.9221, 45.6454
-121.4412, 45.6921
864
26.169

32
-117.2379, 44.3015
-116.9414, 44.0067
397
25.884

33
-117.2373, 44.3015
-116.9411, 44.0069
617
25.8635

34
-116.4735, 43.5969
-116.7526, 43.8072
363
20.9184

35
-116.7522, 43.8072
-116.4735, 43.5972
370
20.8895

36
-72.9178, 41.56
-72.6385, 41.7634
577
20.6001

37
-72.9171, 41.5601
-72.6389, 41.7632
663
20.5433

38
-73.2475, 41.4392
-72.9171, 41.5601
414
19.6948

39
-72.9178, 41.56
-73.248, 41.439
616
19.6882

40
-111.5298, 41.0528
-111.8561, 41.1387
413
18.5915

41
-111.5299, 41.0528
-111.8561, 41.1386
473
18.5813

42
-72.5054, 41.8204
-72.2173, 41.9429
308
17.7077

43
-72.5053, 41.8213
-72.2173, 41.9432
408
17.6803

44
-116.7522, 43.8072
-116.9411, 44.0069
169
17.1446

45
-116.7526, 43.8072
-116.9414, 44.0067
173
17.129

46
-73.997, 41.52
-73.6833, 41.5134
377
16.9456

47
-73.6838, 41.5133
-73.9972, 41.5195
428
16.9238

48
-73.5426, 41.389
-73.2475, 41.4392
719
16.3082

49
-113.6306, 42.569
-113.932, 42.5767
220
16.2816

50
-73.248, 41.439
-73.5426, 41.3892
474
16.2773

51
-113.6307, 42.5687
-113.932, 42.5764
251
16.2762

52
-120.6493, 45.7313
-120.9145, 45.6353
176
15.7818

53
-120.9145, 45.6352
-120.6492, 45.7311
234
15.7811

54
-112.8325, 41.9994
-113.0, 42.1689
112
14.7814

55
-113.0, 42.1683
-112.8335, 41.9994
122
14.721

56
-112.0341, 41.3365
-111.9751, 41.1527
379
13.0824

57
-112.0344, 41.3365
-111.9784, 41.1527
335
13.0437

58
-73.6838, 41.5133
-73.5426, 41.389
231
11.4748

59
-73.6833, 41.5134
-73.5426, 41.3892
237
11.4486

60
-75.4473, 41.3696
-75.6188, 41.4291
482
10.1336

61
-75.6115, 41.4258
-75.4473, 41.37
382
9.6645

62
-72.1357, 42.0308
-72.0629, 42.1295
197
7.8604

63
-72.1357, 42.0315
-72.063, 42.1295
192
7.8158

64
-111.435, 40.973
-111.5299, 41.0528
241
7.5206

65
-111.4362, 40.9726
-111.5298, 41.0528
290
7.4979

66
-72.6251, 41.7656
-72.5054, 41.8204
157
7.4858

67
-72.5053, 41.8213
-72.6232, 41.7665
114
7.4079

68
-75.4473, 41.37
-75.3389, 41.3475
140
6.0541

69
-75.4473, 41.3696
-75.339, 41.3472
159
6.0472

70
-72.1952, 41.9593
-72.1362, 42.0302
123
5.8376

71
-72.1368, 42.0303
-72.1955, 41.9594
71
5.8293

72
-79.8661, 36.1368
-79.9175, 36.0702
172
5.3672

73
-79.8661, 36.137
-79.9166, 36.0733
185
5.1711

74
-111.9151, 41.1374
-111.8613, 41.1379
98
2.9033

75
-79.6866, 36.0495
-79.6956, 36.0846
44
2.4721

76
-79.6962, 36.0854
-79.6861, 36.0526
41
2.3324

77
-111.9551, 41.1403
-111.915, 41.1372
30
2.1756

78
-111.9527, 41.1392
-111.9151, 41.1374
26
2.0329

79
-72.2173, 41.9429
-72.1952, 41.9593
27
1.6456

80
-72.2173, 41.9432
-72.1955, 41.9594
53
1.6181

81
-111.9784, 41.1527
-111.9559, 41.1411
15
1.4546

82
-111.9751, 41.1527
-111.9556, 41.1419
11
1.2898

83
-111.8857, 41.1374
-111.8686, 41.1379
26
0.9257

84
-72.6385, 41.7634
-72.6232, 41.7665
31
0.8522

85
-72.6385, 41.7634
-72.6232, 41.7665
13
0.8522

86
-111.9012, 41.1365
-111.8857, 41.1374
20
0.8387

87
-111.915, 41.1372
-111.9017, 41.1365
24
0.7155

88
-111.8561, 41.1386
-111.8654, 41.1375
14
0.5109

89
-72.6389, 41.7632
-72.6301, 41.7638
19
0.4821

90
-72.6389, 41.7632
-72.6301, 41.7638
16
0.4821

91
-72.6301, 41.7638
-72.6251, 41.7656
16
0.2951

92
-72.6301, 41.7638
-72.6251, 41.7656
12
0.2951

93
-111.8561, 41.1387
-111.8613, 41.1379
9
0.2866

94
-111.9556, 41.1419
-111.9527, 41.1392
3
0.2424

95
-111.8654, 41.1375
-111.8686, 41.1379
6
0.1744

96
-72.1368, 42.0303
-72.1357, 42.0315
7
0.1067

97
-111.9559, 41.1411
-111.9551, 41.1403
3
0.0739

98
-75.339, 41.3472
-75.338, 41.3466
6
0.065

99
-75.3373, 41.3461
-75.338, 41.3466
2
0.0527

100
-72.1362, 42.0302
-72.1357, 42.0308
4
0.0502

101
-111.9017, 41.1365
-111.9012, 41.1365
3
0.0279