0
[-97.6978, 29.645]
[-97.6673, 29.6519]
25
1.7105

1
[-95.0562, 38.9429]
[-94.7643, 38.9425]
338
15.7611

2
[-95.0562, 38.9431]
[-94.7625, 38.9426]
326
15.8578

3
[-95.1536, 38.9353]
[-95.0562, 38.9431]
103
5.2864

4
[-89.7281, 44.598]
[-89.719, 44.598]
4
0.4906

5
[-83.2703, 42.4865]
[-83.2034, 42.4448]
97
4.622

6
[-83.2036, 42.4447]
[-83.2756, 42.4853]
104
4.7899

7
[-76.5793, 39.1245]
[-76.6019, 39.2013]
183
5.4413

8
[-76.5998, 39.2031]
[-76.578, 39.1258]
150
5.4639

9
[-83.0541, 42.3267]
[-83.2034, 42.4448]
303
11.4623

10
[-83.0543, 42.3266]
[-83.2036, 42.4447]
298
11.4649

11
[-95.1536, 38.935]
[-95.0562, 38.9429]
76
5.2891

12
[-81.6539, 30.3142]
[-81.6496, 30.3115]
15
0.2927

13
[-94.3548, 45.938]
[-94.3726, 46.0001]
264
4.394

14
[-94.1743, 45.6237]
[-94.1448, 45.5732]
77
3.8335

15
[-88.9152, 44.2634]
[-88.7968, 44.243]
138
6.5469

16
[-89.8136, 44.5994]
[-89.6188, 44.5973]
114
10.5195

17
[-89.5303, 44.5266]
[-89.6188, 44.5973]
161
6.8337

18
[-89.719, 44.598]
[-89.6188, 44.5973]
63
5.408

19
[-93.0881, 44.9527]
[-93.0499, 44.9519]
98
2.0646

20
[-93.0882, 44.953]
[-93.0489, 44.9523]
101
2.1227

21
[-88.7974, 44.243]
[-88.4039, 44.2336]
320
21.2597

22
[-89.8144, 44.5997]
[-89.7281, 44.598]
48
4.6639

23
[-92.9091, 44.8034]
[-93.0068, 44.8908]
133
8.0096

24
[-93.0088, 44.8959]
[-93.0068, 44.8908]
9
0.3711

25
[-95.6207, 46.6218]
[-95.5687, 46.5804]
31
4.0038

26
[-94.3551, 45.9377]
[-94.3734, 45.9999]
162
4.4041

27
[-95.5692, 46.5802]
[-95.6242, 46.6258]
36
4.325

28
[-93.3969, 45.2051]
[-93.2127, 45.1245]
181
11.3983

29
[-93.1884, 45.093]
[-93.2127, 45.1245]
75
2.5387

30
[-93.3969, 45.2052]
[-93.2121, 45.1245]
184
11.4325

31
[-93.1881, 45.0952]
[-93.2121, 45.1245]
88
2.3968

32
[-92.9085, 44.8034]
[-93.0065, 44.8908]
143
8.0232

33
[-93.0086, 44.8958]
[-93.0065, 44.8908]
13
0.3681

34
[-84.7316, 43.815]
[-84.6065, 43.7706]
60
7.4161

35
[-84.1675, 43.6139]
[-83.9522, 43.5956]
71
11.6968

36
[-94.1466, 45.575]
[-94.1748, 45.6228]
117
3.6317

37
[-84.1675, 43.6111]
[-84.6065, 43.7703]
296
26.1267

38
[-84.6065, 43.7703]
[-84.7321, 43.815]
57
7.4478

39
[-88.4039, 44.2338]
[-88.7968, 44.243]
317
21.2261

40
[-84.1675, 43.6111]
[-83.9522, 43.5954]
69
11.6792

41
[-89.329, 44.4756]
[-89.2791, 44.4362]
71
3.832

42
[-89.328, 44.4757]
[-89.2794, 44.4366]
71
3.7592

43
[-88.9162, 44.2632]
[-88.7974, 44.243]
156
6.563

44
[-89.1196, 44.3594]
[-89.0322, 44.3293]
132
5.1618

45
[-87.7311, 44.1096]
[-87.7317, 44.1536]
34
3.0381

46
[-87.7307, 44.1096]
[-87.7313, 44.1536]
26
3.0374

47
[-84.7321, 43.815]
[-84.9173, 43.8626]
199
10.5294

48
[-84.7316, 43.815]
[-84.9172, 43.8635]
205
10.5698

49
[-89.527, 44.5229]
[-89.614, 44.5952]
138
6.8515

50
[-89.0362, 44.3297]
[-89.1182, 44.3586]
205
4.8572

51
[-93.0903, 44.9608]
[-93.0895, 45.0267]
62
4.553

52
[-93.095, 45.0399]
[-93.1512, 45.0606]
56
3.36

53
[-93.091, 44.9584]
[-93.0901, 45.0308]
73
4.9934

54
[-93.1594, 45.062]
[-93.0914, 45.037]
99
4.0583

55
[-84.6065, 43.7706]
[-84.1675, 43.6139]
260
26.0529

56
[-91.95, 30.2812]
[-91.6448, 30.3636]
235
17.4336

57
[-91.6446, 30.3635]
[-91.9499, 30.281]
205
17.442

58
[-84.3975, 30.4853]
[-84.9043, 30.6337]
594
29.2183

59
[-82.4575, 30.2572]
[-82.0496, 30.2816]
221
22.0923

60
[-82.0496, 30.2816]
[-82.0372, 30.2838]
10
0.6864

61
[-98.9206, 29.9868]
[-98.6875, 29.7387]
451
21.2453

62
[-97.633, 29.6494]
[-97.6335, 29.6494]
3
0.0249

63
[-97.633, 29.6491]
[-97.6337, 29.6492]
3
0.0376

64
[-97.5565, 29.6536]
[-97.1952, 29.6923]
195
19.6936

65
[-97.1948, 29.692]
[-97.5569, 29.6534]
161
19.7357

66
[-91.1959, 30.4395]
[-91.4083, 30.4268]
194
11.5049

67
[-99.3014, 30.1833]
[-99.2293, 30.1349]
94
5.1308

68
[-99.2298, 30.1349]
[-99.3014, 30.183]
101
5.0982

69
[-82.4575, 30.2572]
[-82.7947, 30.2743]
317
18.2451

70
[-113.335, 33.566]
[-114.5308, 33.6046]
617
64.6276

71
[-104.9089, 31.0424]
[-105.9721, 31.4085]
716
62.725

72
[-104.9089, 31.0424]
[-104.1806, 31.063]
394
39.3507

73
[-118.214, 34.0551]
[-117.71, 34.0818]
630
27.2786

74
[-118.2143, 34.0551]
[-118.2259, 34.0525]
45
0.6531

75
[-118.214, 34.0551]
[-118.4905, 34.0125]
542
15.214

76
[-118.2143, 34.0551]
[-118.214, 34.0551]
2
0.0121

77
[-87.1433, 30.5197]
[-86.7924, 30.6851]
232
22.1197

78
[-87.1431, 30.5195]
[-86.7924, 30.6849]
237
22.1105

79
[-86.3916, 30.7297]
[-85.9589, 30.7037]
199
23.4359

80
[-97.6337, 29.6492]
[-98.1863, 29.501]
349
31.5462

81
[-98.1863, 29.5012]
[-97.6335, 29.6494]
387
31.5558

82
[-90.759, 30.1437]
[-90.6498, 30.1207]
17
6.1099

83
[-117.0649, 34.0039]
[-114.5307, 33.6048]
2277
139.5874

84
[-117.7099, 34.082]
[-117.0649, 34.0039]
1334
35.2477

85
[-117.0652, 34.0039]
[-114.5308, 33.6046]
1434
139.5991

86
[-117.71, 34.0818]
[-117.0652, 34.0039]
782
35.2347

87
[-90.6498, 30.1204]
[-90.7596, 30.1436]
35
6.1374

88
[-110.4513, 31.9635]
[-109.0484, 32.2275]
1116
77.9162

89
[-86.3916, 30.7287]
[-86.7924, 30.6849]
357
21.8544

90
[-84.3975, 30.4853]
[-84.0412, 30.484]
320
19.2401

91
[-87.4122, 30.5738]
[-88.007, 30.687]
385
33.0558

92
[-89.3409, 30.3835]
[-88.8834, 30.4538]
409
25.1773

93
[-88.8834, 30.4541]
[-89.3409, 30.3839]
408
25.176

94
[-88.4005, 30.4742]
[-88.8834, 30.4538]
326
26.1175

95
[-88.4005, 30.4745]
[-88.8834, 30.4541]
296
26.1169

96
[-107.2984, 32.2426]
[-106.5829, 32.0007]
533
42.0897

97
[-93.7014, 30.1275]
[-92.9969, 30.2507]
396
38.9841

98
[-91.0138, 30.3302]
[-90.759, 30.1437]
160
18.8394

99
[-90.1234, 29.9958]
[-90.2795, 30.0064]
139
8.4645

100
[-90.7596, 30.1436]
[-91.0141, 30.33]
187
18.8261

101
[-97.633, 29.6494]
[-97.5565, 29.6536]
46
4.1441

102
[-97.633, 29.6491]
[-97.5569, 29.6534]
44
4.1185

103
[-83.7244, 30.4453]
[-83.1936, 30.3578]
260
29.2903

104
[-84.9043, 30.6334]
[-84.3974, 30.485]
477
29.2225

105
[-98.9206, 29.9871]
[-98.6873, 29.7388]
284
21.2635

106
[-84.9043, 30.6334]
[-85.4326, 30.7465]
552
29.5783

107
[-94.9099, 29.821]
[-95.3662, 29.7707]
465
24.8834

108
[-101.8095, 30.7176]
[-100.9607, 30.6637]
743
45.9909

109
[-94.3575, 29.8581]
[-94.9099, 29.821]
367
29.9393

110
[-118.1926, 34.0558]
[-118.2362, 34.0541]
133
2.3574

111
[-91.95, 30.2812]
[-92.1762, 30.2477]
132
12.4297

112
[-92.1762, 30.2475]
[-91.9499, 30.281]
151
12.4321

113
[-98.9206, 29.9868]
[-99.2298, 30.1349]
449
19.574

114
[-107.2984, 32.2426]
[-108.2298, 32.2069]
410
50.3546

115
[-103.4089, 30.952]
[-104.0692, 31.0834]
267
36.7894

116
[-92.1762, 30.2477]
[-92.6225, 30.2404]
294
24.1089

117
[-92.6225, 30.2402]
[-92.1762, 30.2475]
272
24.1076

118
[-113.3351, 33.5665]
[-114.5307, 33.6048]
662
64.6198

119
[-111.9087, 33.2047]
[-111.2664, 32.5016]
727
59.6361

120
[-91.1959, 30.4395]
[-91.0138, 30.3302]
247
12.392

121
[-100.1166, 30.4688]
[-99.5222, 30.2886]
575
34.427

122
[-85.8299, 30.7557]
[-85.7353, 30.7606]
28
5.1184

123
[-85.4326, 30.7465]
[-85.6187, 30.7554]
58
10.0662

124
[-118.1038, 34.072]
[-118.1621, 34.0629]
41
3.2076

125
[-118.1621, 34.0629]
[-118.1693, 34.0626]
23
0.389

126
[-118.1621, 34.0629]
[-118.1623, 34.0626]
4
0.0217

127
[-113.335, 33.566]
[-111.9091, 33.2047]
1539
80.9347

128
[-91.6446, 30.3635]
[-91.408, 30.4263]
88
13.4956

129
[-91.6448, 30.3636]
[-91.4083, 30.4268]
81
13.4927

130
[-92.6225, 30.2404]
[-92.9969, 30.2507]
195
20.2272

131
[-92.9969, 30.2502]
[-92.6225, 30.2402]
221
20.2274

132
[-90.2795, 30.0068]
[-90.1233, 29.9962]
159
8.4676

133
[-96.8196, 29.6886]
[-96.2966, 29.7483]
202
28.5378

134
[-96.8193, 29.6888]
[-96.2967, 29.7485]
222
28.5217

135
[-93.7014, 30.1273]
[-92.9969, 30.2502]
414
38.9754

136
[-82.7947, 30.2743]
[-83.1936, 30.3581]
209
22.3024

137
[-82.7947, 30.2741]
[-83.1936, 30.3578]
340
22.3027

138
[-105.9723, 31.4083]
[-104.9089, 31.0422]
446
62.7341

139
[-82.0375, 30.2835]
[-81.6798, 30.3252]
259
19.5343

140
[-90.2795, 30.0064]
[-90.4102, 30.0794]
67
8.6677

141
[-90.4101, 30.0796]
[-90.2795, 30.0068]
70
8.6568

142
[-94.091, 30.0947]
[-94.3575, 29.8583]
261
21.7507

143
[-94.3575, 29.8581]
[-94.0911, 30.0946]
269
21.7536

144
[-93.7014, 30.1273]
[-94.0911, 30.0946]
434
21.1686

145
[-96.2967, 29.7485]
[-96.0361, 29.7712]
229
14.1599

146
[-104.1811, 31.0627]
[-104.9089, 31.0422]
200
39.3245

147
[-108.5369, 32.2707]
[-108.2298, 32.2072]
64
17.1544

148
[-108.2298, 32.2069]
[-108.5369, 32.2704]
100
17.1543

149
[-111.9087, 33.2047]
[-113.3351, 33.5665]
1555
80.9682

150
[-101.8095, 30.7176]
[-103.4089, 30.952]
1237
87.8661

151
[-96.8193, 29.6888]
[-97.1952, 29.6923]
256
20.295

152
[-97.1948, 29.692]
[-96.8196, 29.6886]
256
20.2642

153
[-90.4102, 30.0794]
[-90.6498, 30.1204]
56
13.2454

154
[-90.4101, 30.0796]
[-90.6498, 30.1207]
60
13.2505

155
[-108.2298, 32.2072]
[-107.2984, 32.243]
587
50.3549

156
[-82.4575, 30.2567]
[-82.0496, 30.2814]
209
22.0924

157
[-82.7947, 30.2741]
[-82.4575, 30.2567]
235
18.2473

158
[-82.0496, 30.2814]
[-82.0375, 30.2835]
15
0.6658

159
[-95.3662, 29.7707]
[-95.3675, 29.7656]
14
0.3563

160
[-94.9098, 29.8212]
[-94.3575, 29.8583]
530
29.9343

161
[-87.4124, 30.5736]
[-87.1431, 30.5195]
292
15.0106

162
[-87.4122, 30.5738]
[-87.1433, 30.5197]
246
14.9897

163
[-86.7924, 30.6851]
[-86.3916, 30.7297]
324
21.8617

164
[-111.9721, 33.3053]
[-111.9719, 33.2988]
8
0.4472

165
[-111.2664, 32.5016]
[-110.4513, 31.9635]
1105
57.5849

166
[-101.8095, 30.7178]
[-103.4086, 30.9524]
761
87.8536

167
[-103.4086, 30.9524]
[-104.0701, 31.084]
396
36.8615

168
[-118.1693, 34.0626]
[-118.1623, 34.0626]
20
0.376

169
[-118.2254, 34.0527]
[-118.1623, 34.0626]
138
3.4745

170
[-118.1623, 34.0626]
[-118.1038, 34.0719]
37
3.2213

171
[-118.1926, 34.0558]
[-118.1693, 34.0626]
33
1.3442

172
[-88.4005, 30.4742]
[-88.0073, 30.6866]
386
25.799

173
[-95.8126, 29.7807]
[-95.8546, 29.7774]
29
2.2748

174
[-83.1936, 30.3581]
[-83.7244, 30.4455]
432
29.2923

175
[-99.5228, 30.2886]
[-100.1166, 30.4686]
807
34.3881

176
[-98.9206, 29.9871]
[-99.2293, 30.1349]
431
19.5424

177
[-100.9607, 30.664]
[-100.1166, 30.4688]
746
47.5243

178
[-96.036, 29.771]
[-95.855, 29.7773]
116
9.7868

179
[-98.5011, 29.4258]
[-98.1863, 29.5012]
370
17.7736

180
[-98.5009, 29.427]
[-98.5037, 29.4362]
28
0.6509

181
[-99.3014, 30.1833]
[-99.5222, 30.2886]
132
13.9594

182
[-104.0701, 31.084]
[-104.1806, 31.063]
78
6.1401

183
[-99.5228, 30.2886]
[-99.3014, 30.183]
119
13.9998

184
[-91.408, 30.4263]
[-91.1959, 30.4394]
220
11.4861

185
[-118.2378, 34.0548]
[-118.1926, 34.0558]
153
2.4421

186
[-89.3409, 30.3839]
[-89.6416, 30.3034]
168
17.1572

187
[-85.9581, 30.7037]
[-86.3916, 30.7287]
197
23.4707

188
[-100.9607, 30.6637]
[-100.1166, 30.4686]
496
47.5237

189
[-90.1234, 29.9958]
[-89.8247, 30.1814]
576
20.5951

190
[-89.8247, 30.1814]
[-89.6415, 30.3034]
292
12.9854

191
[-107.2984, 32.243]
[-106.5826, 32.0007]
752
42.1133

192
[-84.0412, 30.484]
[-83.7244, 30.4455]
246
17.3114

193
[-104.1811, 31.0627]
[-104.0692, 31.0834]
112
6.21

194
[-96.036, 29.771]
[-96.2966, 29.7483]
215
14.1596

195
[-96.0361, 29.7712]
[-95.8546, 29.7774]
121
9.8118

196
[-95.855, 29.7773]
[-95.8125, 29.7806]
29
2.306

197
[-111.9091, 33.2047]
[-111.2669, 32.5016]
751
59.6347

198
[-89.6415, 30.3034]
[-89.3409, 30.3835]
187
17.1489

199
[-88.4005, 30.4745]
[-88.007, 30.687]
363
25.8191

200
[-84.9043, 30.6337]
[-85.4326, 30.7467]
621
29.5771

201
[-106.5826, 32.0007]
[-105.9721, 31.4085]
839
52.5058

202
[-106.5829, 32.0007]
[-105.9723, 31.4083]
887
52.5175

203
[-91.1959, 30.4394]
[-91.0141, 30.33]
297
12.3833

204
[-95.6399, 29.7849]
[-95.6412, 29.7851]
3
0.0707

205
[-95.6399, 29.7849]
[-95.6413, 29.7847]
3
0.0759

206
[-98.5158, 29.4601]
[-98.6873, 29.7388]
353
21.346

207
[-98.5037, 29.4362]
[-98.5158, 29.4601]
77
1.7733

208
[-98.504, 29.4358]
[-98.5116, 29.3992]
94
2.5562

209
[-98.516, 29.459]
[-98.6875, 29.7387]
362
21.4075

210
[-98.516, 29.459]
[-98.504, 29.4358]
85
1.7294

211
[-98.504, 29.4358]
[-98.516, 29.459]
85
1.7294

212
[-85.8299, 30.7557]
[-85.9589, 30.7037]
51
7.8344

213
[-85.9581, 30.7037]
[-85.8298, 30.7556]
106
7.8001

214
[-81.6803, 30.3244]
[-82.0372, 30.2838]
280
19.4739

215
[-95.3851, 29.7769]
[-95.3662, 29.7707]
48
1.108

216
[-95.4516, 29.7794]
[-95.6399, 29.7849]
151
10.1737

217
[-98.5049, 29.3961]
[-98.1863, 29.501]
268
18.6645

218
[-85.6186, 30.7557]
[-85.7353, 30.7606]
52
6.3103

219
[-85.6187, 30.7554]
[-85.7353, 30.7597]
93
6.3073

220
[-85.4326, 30.7467]
[-85.6186, 30.7557]
48
10.0649

221
[-98.5158, 29.4601]
[-98.5037, 29.4362]
88
1.7733

222
[-90.1233, 29.9962]
[-89.8251, 30.1816]
450
20.5642

223
[-89.8251, 30.1816]
[-89.6416, 30.3034]
290
12.9967

224
[-118.1621, 34.0629]
[-117.7099, 34.082]
478
24.4505

225
[-95.8125, 29.7806]
[-95.6413, 29.7847]
158
9.2491

226
[-95.6412, 29.7851]
[-95.8126, 29.7807]
154
9.2628

227
[-94.9098, 29.8212]
[-95.6412, 29.7851]
799
39.5737

228
[-85.8298, 30.7556]
[-85.7353, 30.7597]
27
5.1073

229
[-84.0412, 30.4837]
[-83.7244, 30.4453]
201
17.3132

230
[-84.3974, 30.485]
[-84.0412, 30.4837]
323
19.2355

231
[-88.0073, 30.6866]
[-87.4124, 30.5736]
373
33.0562

232
[-111.2669, 32.5016]
[-110.4513, 31.9632]
750
57.6194

233
[-101.8095, 30.7178]
[-100.9607, 30.664]
640
45.988

234
[-118.2143, 34.0551]
[-118.4906, 34.0126]
493
15.2073

235
[-95.6413, 29.7847]
[-95.3662, 29.7707]
279
14.8865

236
[-110.4513, 31.9632]
[-109.0484, 32.2273]
1000
77.9172

237
[-109.0484, 32.2273]
[-108.5369, 32.2704]
504
27.7789

238
[-109.0484, 32.2275]
[-108.5369, 32.2707]
313
27.779

239
[-75.8914, 40.1608]
[-75.8914, 40.1608]
2
0.001

240
[-83.7545, 33.804]
[-83.752, 33.8041]
3
0.1345

241
[-81.9724, 41.3884]
[-82.0707, 41.3308]
89
6.6337

242
[-82.0664, 41.3327]
[-81.9727, 41.3882]
79
6.3488

243
[-84.1261, 33.8229]
[-84.1143, 33.8228]
16
0.6398

244
[-84.1144, 33.823]
[-84.1263, 33.823]
13
0.6379

245
[-83.7506, 33.804]
[-83.5923, 33.8813]
161
10.0775

246
[-71.4167, 41.7782]
[-71.4245, 41.8258]
220
3.3084

247
[-71.4252, 41.8259]
[-71.419, 41.7758]
217
3.4745

248
[-72.1392, 43.5333]
[-72.1492, 43.567]
46
2.3888

249
[-72.1507, 43.5676]
[-72.1398, 43.5327]
42
2.4841

250
[-84.1718, 33.8182]
[-84.1725, 33.8178]
6
0.0462

251
[-72.1496, 43.5673]
[-72.2812, 43.6379]
233
8.6177

252
[-72.2809, 43.6379]
[-72.1507, 43.5676]
232
8.5361

253
[-84.1725, 33.8178]
[-84.182, 33.8105]
16
0.7199

254
[-84.1718, 33.8182]
[-84.1263, 33.823]
63
2.4809

255
[-83.5917, 33.8814]
[-83.7546, 33.8038]
151
10.2953

256
[-84.1261, 33.8229]
[-84.1718, 33.8182]
60
2.4875

257
[-84.1819, 33.8104]
[-84.1725, 33.8178]
11
0.7186

258
[-93.7014, 30.1275]
[-94.091, 30.0947]
437
21.1596

259
[-94.1466, 45.575]
[-94.1748, 45.6228]
117
3.6317

260
[-94.1743, 45.6237]
[-94.1448, 45.5732]
77
3.8335

261
[-66.5918, 18.0372]
[-66.5678, 18.0223]
93
1.6585

262
[-66.5673, 18.0237]
[-66.5929, 18.0376]
104
1.6852

263
[-95.6399, 29.7849]
[-95.6413, 29.7847]
3
0.0759

264
[-95.4516, 29.7794]
[-95.6399, 29.7849]
151
10.1737

265
[-95.3851, 29.7769]
[-95.3675, 29.7656]
61
1.2305

266
[-95.6399, 29.7849]
[-95.6412, 29.7851]
3
0.0707

267
[-83.466, 33.9261]
[-83.4078, 33.9161]
76
3.2162

268
[-83.4657, 33.926]
[-83.4343, 33.91]
75
2.028

269
[-83.4657, 33.926]
[-83.4079, 33.9163]
345
3.1936

270
[-83.466, 33.9261]
[-83.4078, 33.9161]
330
3.2162

271
[-95.4516, 29.7794]
[-95.4502, 29.7792]
3
0.0809

