-123.39,42.59
-123.39,42.6
-123.39,42.64
-123.39,42.65
-123.39,42.68
-123.39,42.69
-123.39,42.7
-123.38,42.58
-123.38,42.6
-123.38,42.61
-123.38,42.62
-123.38,42.63
-123.38,42.64
-123.38,42.65
-123.38,42.66
-123.38,42.67
-123.38,42.68
-123.38,42.7
-123.37,42.52
-123.37,42.53
-123.37,42.54
-123.37,42.55
-123.37,42.56
-123.37,42.57
-123.37,42.58
-123.37,42.7
-123.37,42.71
-123.37,42.72
-123.37,42.73
-123.37,42.74
-123.37,42.75
-123.37,43.08
-123.37,43.09
-123.37,43.1
-123.37,43.15
-123.37,43.16
-123.37,43.17
-123.37,43.18
-123.37,43.19
-123.36,42.48
-123.36,42.49
-123.36,42.5
-123.36,42.51
-123.36,42.52
-123.36,42.75
-123.36,42.76
-123.36,43.07
-123.36,43.08
-123.36,43.1
-123.36,43.11
-123.36,43.12
-123.36,43.13
-123.36,43.14
-123.36,43.15
-123.36,43.19
-123.36,43.2
-123.36,43.21
-123.36,43.22
-123.36,43.23
-123.36,43.24
-123.36,43.25
-123.36,43.26
-123.36,43.27
-123.36,43.28
-123.36,43.29
-123.35,42.47
-123.35,42.48
-123.35,42.76
-123.35,43.06
-123.35,43.07
-123.35,43.11
-123.35,43.21
-123.35,43.29
-123.35,43.3
-123.35,43.31
-123.35,43.32
-123.34,42.47
-123.34,42.76
-123.34,42.77
-123.34,42.97
-123.34,42.98
-123.34,43.06
-123.34,43.32
-123.34,43.33
-123.34,43.38
-123.34,43.39
-123.34,43.4
-123.33,42.47
-123.33,42.77
-123.33,42.95
-123.33,42.96
-123.33,42.97
-123.33,42.98
-123.33,42.99
-123.33,43.03
-123.33,43.04
-123.33,43.05
-123.33,43.06
-123.33,43.34
-123.33,43.35
-123.33,43.36
-123.33,43.37
-123.33,43.4
-123.33,43.41
-123.33,43.42
-123.33,43.45
-123.33,43.46
-123.33,43.48
-123.33,43.49
-123.33,43.5
-123.32,42.46
-123.32,42.47
-123.32,42.77
-123.32,42.95
-123.32,42.96
-123.32,42.99
-123.32,43.0
-123.32,43.03
-123.32,43.42
-123.32,43.43
-123.32,43.44
-123.32,43.45
-123.32,43.46
-123.32,43.47
-123.32,43.48
-123.32,43.5
-123.32,43.51
-123.31,42.45
-123.31,42.46
-123.31,42.77
-123.31,42.95
-123.31,43.0
-123.31,43.01
-123.31,43.03
-123.31,43.43
-123.31,43.44
-123.31,43.51
-123.31,43.52
-123.31,43.53
-123.3,42.44
-123.3,42.45
-123.3,42.77
-123.3,42.95
-123.3,43.01
-123.3,43.02
-123.3,43.03
-123.3,43.53
-123.29,42.44
-123.29,42.77
-123.29,42.78
-123.29,42.94
-123.29,42.95
-123.29,43.53
-123.29,43.54
-123.29,43.55
-123.28,42.44
-123.28,42.78
-123.28,42.92
-123.28,42.93
-123.28,42.94
-123.28,43.55
-123.28,43.56
-123.28,43.57
-123.27,42.44
-123.27,42.78
-123.27,42.79
-123.27,42.91
-123.27,42.92
-123.27,43.57
-123.27,43.58
-123.26,42.43
-123.26,42.44
-123.26,42.79
-123.26,42.8
-123.26,42.81
-123.26,42.82
-123.26,42.83
-123.26,42.84
-123.26,42.85
-123.26,42.91
-123.26,43.58
-123.26,43.59
-123.25,42.43
-123.25,42.8
-123.25,42.81
-123.25,42.84
-123.25,42.85
-123.25,42.86
-123.25,42.87
-123.25,42.9
-123.25,42.91
-123.25,43.59
-123.24,42.43
-123.24,42.87
-123.24,42.88
-123.24,42.89
-123.24,42.9
-123.24,43.59
-123.24,43.6
-123.23,42.42
-123.23,42.43
-123.23,43.6
-123.23,43.61
-123.22,42.42
-123.22,43.61
-123.22,43.62
-123.22,43.63
-123.22,43.64
-123.22,43.71
-123.21,42.42
-123.21,43.62
-123.21,43.64
-123.21,43.65
-123.21,43.66
-123.21,43.7
-123.21,43.71
-123.21,43.72
-123.21,43.73
-123.2,42.42
-123.2,42.43
-123.2,43.66
-123.2,43.67
-123.2,43.68
-123.2,43.69
-123.2,43.7
-123.2,43.73
-123.19,42.43
-123.19,43.73
-123.19,43.74
-123.18,42.43
-123.18,43.74
-123.18,43.75
-123.17,42.43
-123.17,43.75
-123.16,42.41
-123.16,42.42
-123.16,42.43
-123.16,43.75
-123.15,42.41
-123.15,43.75
-123.14,42.41
-123.14,43.75
-123.13,42.41
-123.13,42.42
-123.13,43.75
-123.12,42.42
-123.12,43.75
-123.11,42.42
-123.11,42.43
-123.11,43.75
-123.1,42.43
-123.1,43.75
-123.1,43.76
-123.09,42.43
-123.09,43.76
-123.08,42.43
-123.08,43.76
-123.07,42.43
-123.07,43.76
-123.07,43.77
-123.06,42.43
-123.06,43.77
-123.06,43.78
-123.06,44.15
-123.06,44.16
-123.06,44.17
-123.06,44.18
-123.06,44.19
-123.06,44.2
-123.06,44.21
-123.06,44.22
-123.06,44.23
-123.06,44.24
-123.06,44.25
-123.06,44.26
-123.06,44.27
-123.06,44.28
-123.06,44.29
-123.06,44.3
-123.06,44.31
-123.06,44.32
-123.06,44.33
-123.06,44.34
-123.06,44.35
-123.06,44.36
-123.06,44.37
-123.06,44.38
-123.06,44.39
-123.06,44.4
-123.06,44.41
-123.06,44.42
-123.06,44.43
-123.06,44.44
-123.06,44.45
-123.06,44.46
-123.06,44.47
-123.06,44.48
-123.06,44.49
-123.06,44.5
-123.06,44.51
-123.06,44.52
-123.06,44.53
-123.06,44.54
-123.06,44.55
-123.06,44.56
-123.06,44.57
-123.06,44.58
-123.06,44.59
-123.06,44.6
-123.06,44.61
-123.06,44.62
-123.06,44.63
-123.06,44.64
-123.06,44.65
-123.06,44.66
-123.06,44.67
-123.06,44.68
-123.05,42.43
-123.05,43.78
-123.05,43.79
-123.05,43.8
-123.05,44.04
-123.05,44.05
-123.05,44.06
-123.05,44.07
-123.05,44.08
-123.05,44.09
-123.05,44.1
-123.05,44.11
-123.05,44.12
-123.05,44.13
-123.05,44.14
-123.05,44.15
-123.05,44.68
-123.05,44.69
-123.05,44.7
-123.05,44.71
-123.05,44.72
-123.05,44.73
-123.05,44.74
-123.05,44.75
-123.05,44.76
-123.05,44.77
-123.04,42.42
-123.04,42.43
-123.04,43.8
-123.04,43.81
-123.04,43.82
-123.04,44.03
-123.04,44.04
-123.04,44.1
-123.04,44.11
-123.04,44.77
-123.04,44.78
-123.04,44.79
-123.03,42.42
-123.03,43.82
-123.03,43.83
-123.03,43.84
-123.03,44.02
-123.03,44.03
-123.03,44.79
-123.03,44.8
-123.03,44.81
-123.03,44.82
-123.02,42.42
-123.02,43.84
-123.02,43.85
-123.02,43.86
-123.02,44.0
-123.02,44.01
-123.02,44.02
-123.02,44.82
-123.02,44.83
-123.01,42.42
-123.01,43.86
-123.01,43.87
-123.01,43.88
-123.01,43.89
-123.01,43.9
-123.01,43.91
-123.01,43.92
-123.01,43.93
-123.01,43.94
-123.01,43.95
-123.01,43.96
-123.01,43.97
-123.01,43.98
-123.01,43.99
-123.01,44.0
-123.01,44.83
-123.01,44.84
-123.01,44.85
-123.01,44.86
-123.01,44.87
-123.01,46.79
-123.01,46.8
-123.01,46.81
-123.0,42.41
-123.0,42.42
-123.0,44.87
-123.0,44.88
-123.0,44.89
-123.0,44.99
-123.0,45.0
-123.0,45.01
-123.0,46.77
-123.0,46.78
-123.0,46.81
-123.0,46.82
-122.99,42.41
-122.99,44.89
-122.99,44.9
-122.99,44.91
-122.99,44.92
-122.99,44.93
-122.99,44.94
-122.99,44.95
-122.99,44.96
-122.99,44.97
-122.99,44.98
-122.99,44.99
-122.99,45.01
-122.99,45.02
-122.99,45.03
-122.99,46.76
-122.99,46.77
-122.99,46.82
-122.99,46.83
-122.99,46.84
-122.98,42.41
-122.98,44.9
-122.98,45.03
-122.98,45.04
-122.98,45.05
-122.98,46.65
-122.98,46.66
-122.98,46.67
-122.98,46.68
-122.98,46.71
-122.98,46.72
-122.98,46.73
-122.98,46.74
-122.98,46.75
-122.98,46.84
-122.98,46.85
-122.97,42.41
-122.97,45.05
-122.97,45.06
-122.97,46.65
-122.97,46.68
-122.97,46.69
-122.97,46.7
-122.97,46.71
-122.97,46.86
-122.97,46.87
-122.97,46.88
-122.96,42.41
-122.96,45.07
-122.96,45.08
-122.96,46.64
-122.96,46.65
-122.96,46.89
-122.96,46.9
-122.96,46.91
-122.95,42.41
-122.95,45.08
-122.95,45.09
-122.95,46.64
-122.95,46.91
-122.95,46.92
-122.95,46.93
-122.94,42.4
-122.94,42.41
-122.94,45.09
-122.94,45.1
-122.94,46.63
-122.94,46.93
-122.94,46.94
-122.94,46.95
-122.94,46.96
-122.93,42.39
-122.93,42.4
-122.93,45.1
-122.93,46.62
-122.93,46.63
-122.93,46.96
-122.93,46.97
-122.93,46.98
-122.92,42.39
-122.92,45.12
-122.92,46.32
-122.92,46.61
-122.92,46.62
-122.92,46.99
-122.92,47.0
-122.91,42.38
-122.91,42.39
-122.91,45.12
-122.91,45.13
-122.91,46.29
-122.91,46.3
-122.91,46.31
-122.91,46.32
-122.91,46.33
-122.91,46.34
-122.91,46.35
-122.91,46.36
-122.91,46.37
-122.91,46.6
-122.91,46.61
-122.91,47.0
-122.91,47.01
-122.91,47.02
-122.9,42.37
-122.9,42.38
-122.9,45.13
-122.9,45.14
-122.9,46.13
-122.9,46.14
-122.9,46.15
-122.9,46.16
-122.9,46.17
-122.9,46.18
-122.9,46.19
-122.9,46.27
-122.9,46.28
-122.9,46.29
-122.9,46.38
-122.9,46.39
-122.9,46.4
-122.9,46.59
-122.9,46.6
-122.9,47.02
-122.9,47.03
-122.89,42.36
-122.89,42.37
-122.89,45.14
-122.89,45.15
-122.89,46.12
-122.89,46.13
-122.89,46.19
-122.89,46.2
-122.89,46.21
-122.89,46.22
-122.89,46.23
-122.89,46.24
-122.89,46.26
-122.89,46.27
-122.89,46.4
-122.89,46.41
-122.89,46.42
-122.89,46.43
-122.89,46.44
-122.89,46.45
-122.89,46.46
-122.89,46.58
-122.89,46.59
-122.89,47.03
-122.89,47.04
-122.88,42.35
-122.88,42.36
-122.88,45.15
-122.88,45.16
-122.88,46.1
-122.88,46.11
-122.88,46.25
-122.88,46.26
-122.88,46.47
-122.88,46.48
-122.88,46.49
-122.88,46.5
-122.88,46.51
-122.88,46.52
-122.88,46.53
-122.88,46.54
-122.88,46.55
-122.88,46.56
-122.88,46.57
-122.88,46.58
-122.88,47.04
-122.87,42.32
-122.87,42.33
-122.87,42.34
-122.87,42.35
-122.87,45.16
-122.87,45.17
-122.87,46.06
-122.87,46.07
-122.87,46.08
-122.87,46.09
-122.87,46.1
-122.87,47.04
-122.86,42.32
-122.86,45.17
-122.86,45.18
-122.86,46.03
-122.86,46.04
-122.86,46.05
-122.86,46.06
-122.86,47.04
-122.85,42.31
-122.85,42.32
-122.85,45.18
-122.85,46.01
-122.85,46.02
-122.85,46.03
-122.85,47.04
-122.84,42.3
-122.84,42.31
-122.84,45.19
-122.84,45.2
-122.84,45.99
-122.84,46.0
-122.84,46.01
-122.84,47.04
-122.84,47.05
-122.83,42.29
-122.83,45.2
-122.83,45.21
-122.83,45.98
-122.83,45.99
-122.83,47.05
-122.82,42.28
-122.82,42.29
-122.82,45.21
-122.82,45.22
-122.82,45.97
-122.82,45.98
-122.82,47.05
-122.81,42.27
-122.81,42.28
-122.81,45.23
-122.81,45.24
-122.81,45.96
-122.81,45.97
-122.81,47.05
-122.81,47.06
-122.8,42.26
-122.8,42.27
-122.8,45.24
-122.8,45.25
-122.8,45.96
-122.8,47.06
-122.79,42.26
-122.79,45.25
-122.79,45.26
-122.79,45.95
-122.79,45.96
-122.79,47.06
-122.78,42.25
-122.78,45.26
-122.78,45.27
-122.78,45.94
-122.78,45.95
-122.78,47.06
-122.77,42.24
-122.77,42.25
-122.77,45.27
-122.77,45.28
-122.77,45.29
-122.77,45.3
-122.77,45.31
-122.77,45.32
-122.77,45.33
-122.77,45.34
-122.77,45.35
-122.77,45.93
-122.77,45.94
-122.77,47.06
-122.76,42.24
-122.76,45.35
-122.76,45.36
-122.76,45.37
-122.76,45.38
-122.76,45.93
-122.76,45.94
-122.76,47.06
-122.76,49.0
-122.75,42.23
-122.75,45.38
-122.75,45.39
-122.75,45.4
-122.75,45.91
-122.75,45.92
-122.75,45.93
-122.75,47.07
-122.75,48.99
-122.75,49.0
-122.74,42.23
-122.74,45.4
-122.74,45.41
-122.74,45.42
-122.74,45.43
-122.74,45.44
-122.74,45.45
-122.74,45.89
-122.74,45.9
-122.74,45.91
-122.74,47.07
-122.74,48.99
-122.73,42.22
-122.73,42.23
-122.73,45.45
-122.73,45.88
-122.73,45.89
-122.73,47.07
-122.73,48.98
-122.73,48.99
-122.72,42.22
-122.72,45.45
-122.72,45.88
-122.72,47.07
-122.72,48.97
-122.72,48.98
-122.71,42.22
-122.71,45.45
-122.71,45.46
-122.71,45.86
-122.71,45.87
-122.71,45.88
-122.71,47.07
-122.71,48.96
-122.71,48.97
-122.7,42.21
-122.7,45.46
-122.7,45.47
-122.7,45.84
-122.7,45.85
-122.7,45.86
-122.7,47.07
-122.7,47.08
-122.7,48.96
-122.69,42.2
-122.69,45.47
-122.69,45.81
-122.69,45.82
-122.69,45.83
-122.69,45.84
-122.69,47.08
-122.69,48.95
-122.69,48.96
-122.68,42.2
-122.68,45.47
-122.68,45.48
-122.68,45.49
-122.68,45.54
-122.68,45.55
-122.68,45.56
-122.68,45.57
-122.68,45.58
-122.68,45.59
-122.68,45.6
-122.68,45.61
-122.68,45.62
-122.68,45.79
-122.68,45.8
-122.68,45.81
-122.68,47.08
-122.68,48.94
-122.68,48.95
-122.67,42.18
-122.67,42.19
-122.67,42.2
-122.67,45.49
-122.67,45.5
-122.67,45.51
-122.67,45.52
-122.67,45.53
-122.67,45.54
-122.67,45.62
-122.67,45.63
-122.67,45.66
-122.67,45.67
-122.67,45.76
-122.67,45.77
-122.67,45.78
-122.67,45.79
-122.67,47.08
-122.67,48.94
-122.66,42.17
-122.66,42.18
-122.66,45.63
-122.66,45.64
-122.66,45.65
-122.66,45.66
-122.66,45.67
-122.66,45.68
-122.66,45.69
-122.66,45.7
-122.66,45.71
-122.66,45.72
-122.66,45.73
-122.66,45.74
-122.66,45.75
-122.66,45.76
-122.66,47.08
-122.66,47.09
-122.66,48.93
-122.66,48.94
-122.65,42.15
-122.65,42.16
-122.65,45.7
-122.65,45.71
-122.65,45.72
-122.65,45.73
-122.65,47.09
-122.65,48.93
-122.64,41.68
-122.64,41.69
-122.64,41.7
-122.64,41.71
-122.64,41.72
-122.64,41.73
-122.64,42.13
-122.64,42.14
-122.64,42.15
-122.64,47.09
-122.64,48.92
-122.64,48.93
-122.63,41.68
-122.63,41.73
-122.63,41.74
-122.63,42.12
-122.63,42.13
-122.63,47.09
-122.63,48.91
-122.63,48.92
-122.62,41.67
-122.62,41.68
-122.62,41.74
-122.62,41.75
-122.62,42.0
-122.62,42.01
-122.62,42.11
-122.62,42.12
-122.62,47.09
-122.62,47.1
-122.62,48.9
-122.62,48.91
-122.61,41.66
-122.61,41.67
-122.61,41.75
-122.61,41.98
-122.61,41.99
-122.61,42.0
-122.61,42.01
-122.61,42.02
-122.61,42.03
-122.61,42.05
-122.61,42.06
-122.61,42.07
-122.61,42.08
-122.61,42.09
-122.61,42.1
-122.61,42.11
-122.61,47.1
-122.61,48.9
-122.6,41.66
-122.6,41.75
-122.6,41.76
-122.6,41.96
-122.6,41.97
-122.6,41.98
-122.6,42.03
-122.6,42.04
-122.6,42.05
-122.6,42.06
-122.6,42.07
-122.6,42.08
-122.6,42.09
-122.6,47.1
-122.6,48.89
-122.6,48.9
-122.59,41.66
-122.59,41.76
-122.59,41.77
-122.59,41.79
-122.59,41.8
-122.59,41.94
-122.59,41.95
-122.59,41.96
-122.59,47.1
-122.59,47.11
-122.59,48.86
-122.59,48.87
-122.59,48.88
-122.59,48.89
-122.58,41.66
-122.58,41.77
-122.58,41.78
-122.58,41.79
-122.58,41.8
-122.58,41.81
-122.58,41.82
-122.58,41.83
-122.58,41.84
-122.58,41.92
-122.58,41.93
-122.58,41.94
-122.58,47.11
-122.58,48.85
-122.58,48.86
-122.57,41.66
-122.57,41.81
-122.57,41.82
-122.57,41.84
-122.57,41.85
-122.57,41.86
-122.57,41.87
-122.57,41.9
-122.57,41.91
-122.57,41.92
-122.57,47.11
-122.57,48.83
-122.57,48.84
-122.57,48.85
-122.56,41.65
-122.56,41.66
-122.56,41.86
-122.56,41.87
-122.56,41.88
-122.56,41.89
-122.56,41.9
-122.56,47.12
-122.56,48.83
-122.55,41.65
-122.55,47.12
-122.55,47.13
-122.55,48.81
-122.55,48.82
-122.54,41.65
-122.54,47.13
-122.54,48.8
-122.54,48.81
-122.53,41.63
-122.53,41.64
-122.53,41.65
-122.53,47.13
-122.53,47.14
-122.53,48.79
-122.53,48.8
-122.52,41.62
-122.52,41.63
-122.52,47.14
-122.52,48.79
-122.51,41.6
-122.51,41.61
-122.51,41.62
-122.51,47.14
-122.51,47.15
-122.51,48.78
-122.51,48.79
-122.5,41.57
-122.5,41.58
-122.5,41.59
-122.5,41.6
-122.5,47.15
-122.5,48.78
-122.49,41.55
-122.49,41.56
-122.49,41.57
-122.49,47.16
-122.49,48.78
-122.48,41.52
-122.48,41.53
-122.48,41.54
-122.48,41.55
-122.48,47.16
-122.48,47.17
-122.48,48.7
-122.48,48.71
-122.48,48.78
-122.47,41.5
-122.47,41.51
-122.47,41.52
-122.47,47.17
-122.47,47.18
-122.47,48.7
-122.47,48.71
-122.47,48.72
-122.47,48.73
-122.47,48.74
-122.47,48.75
-122.47,48.77
-122.47,48.78
-122.46,41.48
-122.46,41.49
-122.46,41.5
-122.46,47.18
-122.46,47.19
-122.46,47.2
-122.46,47.21
-122.46,47.22
-122.46,47.23
-122.46,48.7
-122.46,48.75
-122.46,48.76
-122.46,48.77
-122.45,41.46
-122.45,41.47
-122.45,41.48
-122.45,47.23
-122.45,48.69
-122.45,48.7
-122.44,40.94
-122.44,40.95
-122.44,40.96
-122.44,40.97
-122.44,41.44
-122.44,41.45
-122.44,41.46
-122.44,47.23
-122.44,48.69
-122.43,40.94
-122.43,40.97
-122.43,40.98
-122.43,40.99
-122.43,41.43
-122.43,41.44
-122.43,47.23
-122.43,47.24
-122.43,48.69
-122.42,40.94
-122.42,40.99
-122.42,41.0
-122.42,41.43
-122.42,47.24
-122.42,48.69
-122.41,40.92
-122.41,40.93
-122.41,40.94
-122.41,41.0
-122.41,41.01
-122.41,41.02
-122.41,41.43
-122.41,47.24
-122.41,48.69
-122.4,40.92
-122.4,41.02
-122.4,41.03
-122.4,41.04
-122.4,41.42
-122.4,41.43
-122.4,47.24
-122.4,48.68
-122.4,48.69
-122.39,40.91
-122.39,40.92
-122.39,41.04
-122.39,41.05
-122.39,41.42
-122.39,47.24
-122.39,48.67
-122.39,48.68
-122.39,48.69
-122.38,40.88
-122.38,40.89
-122.38,40.9
-122.38,40.91
-122.38,41.05
-122.38,41.06
-122.38,41.37
-122.38,41.38
-122.38,41.39
-122.38,41.4
-122.38,41.41
-122.38,41.42
-122.38,47.24
-122.38,48.67
-122.37,40.62
-122.37,40.63
-122.37,40.64
-122.37,40.87
-122.37,40.88
-122.37,41.06
-122.37,41.36
-122.37,41.37
-122.37,41.38
-122.37,41.39
-122.37,47.24
-122.37,48.65
-122.37,48.66
-122.37,48.67
-122.36,40.55
-122.36,40.56
-122.36,40.57
-122.36,40.58
-122.36,40.59
-122.36,40.6
-122.36,40.61
-122.36,40.62
-122.36,40.64
-122.36,40.65
-122.36,40.66
-122.36,40.86
-122.36,40.87
-122.36,41.07
-122.36,41.08
-122.36,41.35
-122.36,41.36
-122.36,47.24
-122.36,48.62
-122.36,48.63
-122.36,48.64
-122.36,48.65
-122.35,40.52
-122.35,40.53
-122.35,40.54
-122.35,40.55
-122.35,40.67
-122.35,40.68
-122.35,40.69
-122.35,40.86
-122.35,41.08
-122.35,41.09
-122.35,41.1
-122.35,41.34
-122.35,41.35
-122.35,47.24
-122.35,48.52
-122.35,48.53
-122.35,48.54
-122.35,48.55
-122.35,48.56
-122.35,48.57
-122.35,48.58
-122.35,48.59
-122.35,48.6
-122.35,48.61
-122.35,48.62
-122.34,40.5
-122.34,40.51
-122.34,40.52
-122.34,40.69
-122.34,40.7
-122.34,40.71
-122.34,40.85
-122.34,40.86
-122.34,41.1
-122.34,41.11
-122.34,41.33
-122.34,41.34
-122.34,41.35
-122.34,47.24
-122.34,48.34
-122.34,48.35
-122.34,48.36
-122.34,48.37
-122.34,48.38
-122.34,48.42
-122.34,48.43
-122.34,48.44
-122.34,48.45
-122.34,48.46
-122.34,48.47
-122.34,48.48
-122.34,48.49
-122.34,48.5
-122.34,48.51
-122.34,48.52
-122.34,48.59
-122.34,48.6
-122.33,40.49
-122.33,40.5
-122.33,40.71
-122.33,40.72
-122.33,40.79
-122.33,40.8
-122.33,40.82
-122.33,40.83
-122.33,40.84
-122.33,40.85
-122.33,41.11
-122.33,41.12
-122.33,41.32
-122.33,41.33
-122.33,47.24
-122.33,47.25
-122.33,47.26
-122.33,47.6
-122.33,47.61
-122.33,47.62
-122.33,47.63
-122.33,47.69
-122.33,47.7
-122.33,47.71
-122.33,47.72
-122.33,47.73
-122.33,47.74
-122.33,47.75
-122.33,47.76
-122.33,48.32
-122.33,48.33
-122.33,48.34
-122.33,48.38
-122.33,48.39
-122.33,48.4
-122.33,48.41
-122.33,48.42
-122.32,40.48
-122.32,40.49
-122.32,40.72
-122.32,40.73
-122.32,40.74
-122.32,40.75
-122.32,40.76
-122.32,40.77
-122.32,40.78
-122.32,40.79
-122.32,40.8
-122.32,40.81
-122.32,40.82
-122.32,40.83
-122.32,41.12
-122.32,41.13
-122.32,41.14
-122.32,41.15
-122.32,41.3
-122.32,41.31
-122.32,41.32
-122.32,47.26
-122.32,47.27
-122.32,47.55
-122.32,47.56
-122.32,47.57
-122.32,47.58
-122.32,47.59
-122.32,47.6
-122.32,47.63
-122.32,47.64
-122.32,47.65
-122.32,47.66
-122.32,47.67
-122.32,47.68
-122.32,47.69
-122.32,47.72
-122.32,47.73
-122.32,47.76
-122.32,47.77
-122.32,47.78
-122.32,47.79
-122.32,47.8
-122.32,48.31
-122.32,48.32
-122.31,40.47
-122.31,40.48
-122.31,40.74
-122.31,40.75
-122.31,40.77
-122.31,40.78
-122.31,40.79
-122.31,41.15
-122.31,41.29
-122.31,41.3
-122.31,47.27
-122.31,47.28
-122.31,47.29
-122.31,47.54
-122.31,47.55
-122.31,47.8
-122.31,47.81
-122.31,48.3
-122.31,48.31
-122.3,40.46
-122.3,40.47
-122.3,41.15
-122.3,41.16
-122.3,41.17
-122.3,41.18
-122.3,41.28
-122.3,41.29
-122.3,47.29
-122.3,47.3
-122.3,47.31
-122.3,47.32
-122.3,47.35
-122.3,47.36
-122.3,47.53
-122.3,47.54
-122.3,47.81
-122.3,48.29
-122.3,48.3
-122.29,40.38
-122.29,40.39
-122.29,40.43
-122.29,40.44
-122.29,40.45
-122.29,40.46
-122.29,41.15
-122.29,41.16
-122.29,41.18
-122.29,41.19
-122.29,41.27
-122.29,41.28
-122.29,47.32
-122.29,47.33
-122.29,47.34
-122.29,47.35
-122.29,47.36
-122.29,47.37
-122.29,47.38
-122.29,47.39
-122.29,47.4
-122.29,47.41
-122.29,47.42
-122.29,47.51
-122.29,47.52
-122.29,47.53
-122.29,47.81
-122.29,47.82
-122.29,48.28
-122.29,48.29
-122.28,40.28
-122.28,40.29
-122.28,40.3
-122.28,40.31
-122.28,40.32
-122.28,40.33
-122.28,40.34
-122.28,40.35
-122.28,40.36
-122.28,40.37
-122.28,40.38
-122.28,40.39
-122.28,40.4
-122.28,40.41
-122.28,40.42
-122.28,40.43
-122.28,41.19
-122.28,41.2
-122.28,41.21
-122.28,41.22
-122.28,41.23
-122.28,41.26
-122.28,41.27
-122.28,47.42
-122.28,47.43
-122.28,47.5
-122.28,47.51
-122.28,47.82
-122.28,48.27
-122.28,48.28
-122.27,40.26
-122.27,40.27
-122.27,40.28
-122.27,41.21
-122.27,41.22
-122.27,41.23
-122.27,41.24
-122.27,41.25
-122.27,41.26
-122.27,47.43
-122.27,47.44
-122.27,47.45
-122.27,47.46
-122.27,47.47
-122.27,47.48
-122.27,47.49
-122.27,47.5
-122.27,47.82
-122.27,47.83
-122.27,48.26
-122.27,48.27
-122.26,40.23
-122.26,40.24
-122.26,40.25
-122.26,40.26
-122.26,41.24
-122.26,41.25
-122.26,47.45
-122.26,47.46
-122.26,47.49
-122.26,47.83
-122.26,47.84
-122.26,47.85
-122.26,48.25
-122.26,48.26
-122.25,40.21
-122.25,40.22
-122.25,40.23
-122.25,47.85
-122.25,47.86
-122.25,47.87
-122.25,48.24
-122.25,48.25
-122.24,40.19
-122.24,40.2
-122.24,40.21
-122.24,47.87
-122.24,47.88
-122.24,48.23
-122.24,48.24
-122.23,40.18
-122.23,40.19
-122.23,47.88
-122.23,47.89
-122.23,48.22
-122.23,48.23
-122.22,40.06
-122.22,40.07
-122.22,40.08
-122.22,40.09
-122.22,40.1
-122.22,40.11
-122.22,40.12
-122.22,40.13
-122.22,40.14
-122.22,40.15
-122.22,40.16
-122.22,40.17
-122.22,40.18
-122.22,47.89
-122.22,47.9
-122.22,48.21
-122.22,48.22
-122.22,48.23
-122.21,39.51
-122.21,39.52
-122.21,39.53
-122.21,39.54
-122.21,39.55
-122.21,39.56
-122.21,39.57
-122.21,39.58
-122.21,39.59
-122.21,39.6
-122.21,39.61
-122.21,39.62
-122.21,39.63
-122.21,39.69
-122.21,39.7
-122.21,39.71
-122.21,39.72
-122.21,39.73
-122.21,39.74
-122.21,39.75
-122.21,39.76
-122.21,39.77
-122.21,39.99
-122.21,40.0
-122.21,40.01
-122.21,40.02
-122.21,40.03
-122.21,40.04
-122.21,40.05
-122.21,40.06
-122.21,47.9
-122.21,47.91
-122.21,47.92
-122.21,48.19
-122.21,48.2
-122.21,48.21
-122.2,39.34
-122.2,39.35
-122.2,39.4
-122.2,39.41
-122.2,39.46
-122.2,39.47
-122.2,39.48
-122.2,39.49
-122.2,39.5
-122.2,39.51
-122.2,39.62
-122.2,39.63
-122.2,39.64
-122.2,39.65
-122.2,39.66
-122.2,39.67
-122.2,39.68
-122.2,39.69
-122.2,39.77
-122.2,39.78
-122.2,39.79
-122.2,39.8
-122.2,39.81
-122.2,39.82
-122.2,39.83
-122.2,39.84
-122.2,39.85
-122.2,39.86
-122.2,39.87
-122.2,39.88
-122.2,39.89
-122.2,39.9
-122.2,39.91
-122.2,39.92
-122.2,39.93
-122.2,39.94
-122.2,39.95
-122.2,39.96
-122.2,39.97
-122.2,39.98
-122.2,39.99
-122.2,40.0
-122.2,47.92
-122.2,47.93
-122.2,47.94
-122.2,47.95
-122.2,47.96
-122.2,47.97
-122.2,48.18
-122.2,48.19
-122.19,39.29
-122.19,39.3
-122.19,39.31
-122.19,39.32
-122.19,39.33
-122.19,39.34
-122.19,39.35
-122.19,39.36
-122.19,39.37
-122.19,39.38
-122.19,39.39
-122.19,39.4
-122.19,39.41
-122.19,39.42
-122.19,39.43
-122.19,39.44
-122.19,39.45
-122.19,39.46
-122.19,47.97
-122.19,47.98
-122.19,48.06
-122.19,48.07
-122.19,48.08
-122.19,48.09
-122.19,48.1
-122.19,48.11
-122.19,48.12
-122.19,48.13
-122.19,48.14
-122.19,48.15
-122.19,48.16
-122.19,48.17
-122.19,48.18
-122.18,39.2
-122.18,39.21
-122.18,39.22
-122.18,39.23
-122.18,39.24
-122.18,39.25
-122.18,39.26
-122.18,39.27
-122.18,39.28
-122.18,39.29
-122.18,47.98
-122.18,47.99
-122.18,48.0
-122.18,48.02
-122.18,48.03
-122.18,48.04
-122.18,48.05
-122.18,48.06
-122.18,48.07
-122.18,48.08
-122.18,48.09
-122.18,48.1
-122.18,48.11
-122.18,48.12
-122.17,39.18
-122.17,39.19
-122.17,39.2
-122.17,48.0
-122.17,48.01
-122.17,48.02
-122.16,39.17
-122.16,39.18
-122.15,39.16
-122.15,39.17
-122.14,39.13
-122.14,39.14
-122.14,39.15
-122.14,39.16
-122.13,39.12
-122.13,39.13
-122.12,39.1
-122.12,39.11
-122.12,39.12
-122.11,39.09
-122.11,39.1
-122.1,39.07
-122.1,39.08
-122.1,39.09
-122.09,39.06
-122.09,39.07
-122.08,39.04
-122.08,39.05
-122.08,39.06
-122.07,39.03
-122.07,39.04
-122.06,39.01
-122.06,39.02
-122.06,39.03
-122.05,39.0
-122.05,39.01
-122.04,38.98
-122.04,38.99
-122.04,39.0
-122.03,38.96
-122.03,38.97
-122.03,38.98
-122.02,38.95
-122.02,38.96
-122.01,38.94
-122.01,38.95
-122.0,38.92
-122.0,38.93
-122.0,38.94
-121.99,38.9
-121.99,38.91
-121.99,38.92
-121.98,38.88
-121.98,38.89
-121.98,38.9
-121.97,38.88
-121.96,38.86
-121.96,38.87
-121.95,38.85
-121.95,38.86
-121.94,38.84
-121.94,38.85
-121.93,38.84
-121.92,38.83
-121.92,38.84
-121.91,38.82
-121.91,38.83
-121.9,38.81
-121.9,38.82
-121.89,38.8
-121.89,38.81
-121.88,38.79
-121.88,38.8
-121.87,38.78
-121.87,38.79
-121.86,38.77
-121.86,38.78
-121.85,38.76
-121.85,38.77
-121.84,38.75
-121.84,38.76
-121.83,38.75
-121.82,38.73
-121.82,38.74
-121.81,38.73
-121.8,38.71
-121.8,38.72
-121.79,38.7
-121.79,38.71
-121.78,38.7
-121.77,38.7
-121.76,38.69
-121.76,38.7
-121.75,38.68
-121.75,38.69
-121.74,38.67
-121.74,38.68
-121.73,38.67
-121.72,38.67
-121.71,38.67
-121.7,38.67
-121.69,38.67
-121.68,38.67
-121.67,38.67
-121.66,38.67
-121.65,38.67
-121.64,38.67
-121.63,38.67
-121.62,38.67
-121.61,38.67
-121.6,38.67
-121.59,38.67
-121.58,38.67
-121.57,38.67
-121.56,38.67
-121.55,38.67
-121.54,38.66
-121.54,38.67
-121.53,38.64
-121.53,38.65
-121.53,38.66
-121.52,38.49
-121.52,38.5
-121.52,38.51
-121.52,38.52
-121.52,38.53
-121.52,38.54
-121.52,38.62
-121.52,38.63
-121.52,38.64
-121.51,38.48
-121.51,38.49
-121.51,38.54
-121.51,38.55
-121.51,38.56
-121.51,38.57
-121.51,38.58
-121.51,38.6
-121.51,38.61
-121.51,38.62
-121.5,38.46
-121.5,38.47
-121.5,38.48
-121.5,38.58
-121.5,38.59
-121.5,38.6
-121.49,38.42
-121.49,38.43
-121.49,38.44
-121.49,38.45
-121.49,38.46
-121.48,38.37
-121.48,38.38
-121.48,38.39
-121.48,38.4
-121.48,38.41
-121.47,38.32
-121.47,38.33
-121.47,38.34
-121.47,38.35
-121.47,38.36
-121.46,38.27
-121.46,38.28
-121.46,38.29
-121.46,38.3
-121.46,38.31
-121.46,38.32
-121.45,38.25
-121.45,38.26
-121.45,38.27
-121.44,38.23
-121.44,38.24
-121.44,38.25
-121.43,38.22
-121.43,38.23
-121.42,38.2
-121.42,38.21
-121.42,38.22
-121.41,38.19
-121.41,38.2
-121.4,38.11
-121.4,38.12
-121.4,38.13
-121.4,38.14
-121.4,38.15
-121.4,38.16
-121.4,38.17
-121.4,38.18
-121.4,38.19
-121.39,38.09
-121.39,38.1
-121.39,38.11
-121.38,38.07
-121.38,38.08
-121.38,38.09
-121.37,38.03
-121.37,38.04
-121.37,38.05
-121.37,38.06
-121.36,38.01
-121.36,38.02
-121.36,38.03
-121.35,37.99
-121.35,38.0
-121.35,38.01
-121.34,37.59
-121.34,37.6
-121.34,37.61
-121.34,37.62
-121.34,37.63
-121.34,37.64
-121.34,37.65
-121.34,37.66
-121.34,37.67
-121.34,37.68
-121.34,37.69
-121.34,37.7
-121.34,37.71
-121.34,37.72
-121.34,37.73
-121.34,37.74
-121.34,37.75
-121.34,37.76
-121.34,37.96
-121.34,37.97
-121.34,37.98
-121.34,37.99
-121.33,37.59
-121.33,37.76
-121.33,37.77
-121.33,37.96
-121.32,37.58
-121.32,37.77
-121.32,37.78
-121.32,37.96
-121.31,37.57
-121.31,37.58
-121.31,37.78
-121.31,37.79
-121.31,37.95
-121.31,37.96
-121.3,37.56
-121.3,37.57
-121.3,37.79
-121.3,37.8
-121.3,37.81
-121.3,37.93
-121.3,37.94
-121.3,37.95
-121.29,37.56
-121.29,37.81
-121.29,37.82
-121.29,37.83
-121.29,37.84
-121.29,37.9
-121.29,37.91
-121.29,37.92
-121.29,37.93
-121.28,37.55
-121.28,37.84
-121.28,37.85
-121.28,37.86
-121.28,37.87
-121.28,37.88
-121.28,37.89
-121.28,37.9
-121.27,37.54
-121.27,37.55
-121.26,37.53
-121.26,37.54
-121.25,37.52
-121.25,37.53
-121.24,37.51
-121.24,37.52
-121.23,37.51
-121.22,37.5
-121.21,37.49
-121.21,37.5
-121.2,37.48
-121.2,37.49
-121.19,37.47
-121.18,37.46
-121.18,37.47
-121.17,37.45
-121.17,37.46
-121.16,37.43
-121.16,37.44
-121.15,37.41
-121.15,37.42
-121.14,37.39
-121.14,37.4
-121.14,37.41
-121.13,37.37
-121.13,37.38
-121.13,37.39
-121.12,37.34
-121.12,37.36
-121.12,37.37
-121.11,37.31
-121.11,37.32
-121.11,37.33
-121.11,37.34
-121.1,37.27
-121.1,37.3
-121.1,37.31
-121.09,37.23
-121.09,37.24
-121.09,37.25
-121.09,37.26
-121.09,37.27
-121.08,37.2
-121.08,37.21
-121.08,37.22
-121.08,37.23
-121.07,37.18
-121.07,37.19
-121.07,37.2
-121.06,37.17
-121.06,37.18
-121.05,37.15
-121.05,37.16
-121.04,37.13
-121.04,37.14
-121.04,37.15
-121.03,37.12
-121.03,37.13
-121.02,37.11
-121.02,37.12
-121.01,37.09
-121.01,37.1
-121.01,37.11
-121.0,37.08
-121.0,37.09
-120.99,37.07
-120.99,37.08
-120.98,37.06
-120.98,37.07
-120.97,37.05
-120.97,37.06
-120.96,37.04
-120.96,37.05
-120.95,37.03
-120.95,37.04
-120.94,37.02
-120.94,37.03
-120.93,37.01
-120.93,37.02
-120.92,37.0
-120.92,37.01
-120.91,36.99
-120.91,37.0
-120.9,36.98
-120.9,36.99
-120.89,36.97
-120.89,36.98
-120.88,36.96
-120.88,36.97
-120.87,36.95
-120.87,36.96
-120.86,36.95
-120.85,36.93
-120.85,36.94
-120.84,36.93
-120.83,36.92
-120.82,36.91
-120.82,36.92
-120.81,36.89
-120.81,36.9
-120.8,36.88
-120.8,36.89
-120.79,36.87
-120.79,36.88
-120.78,36.85
-120.78,36.86
-120.77,36.84
-120.77,36.85
-120.76,36.82
-120.76,36.83
-120.76,36.84
-120.75,36.81
-120.75,36.82
-120.74,36.79
-120.74,36.8
-120.74,36.81
-120.73,36.78
-120.73,36.79
-120.72,36.77
-120.72,36.78
-120.71,36.76
-120.7,36.74
-120.7,36.75
-120.69,36.72
-120.69,36.73
-120.68,36.71
-120.68,36.72
-120.67,36.7
-120.67,36.71
-120.66,36.68
-120.66,36.69
-120.65,36.67
-120.65,36.68
-120.64,36.66
-120.64,36.67
-120.63,36.64
-120.63,36.65
-120.62,36.63
-120.62,36.64
-120.61,36.62
-120.61,36.63
-120.6,36.62
-120.59,36.6
-120.59,36.61
-120.58,36.6
-120.57,36.59
-120.57,36.6
-120.56,36.58
-120.56,36.59
-120.55,36.58
-120.54,36.57
-120.53,36.56
-120.52,36.55
-120.52,36.56
-120.51,36.54
-120.51,36.55
-120.5,36.54
-120.49,36.53
-120.49,36.54
-120.48,36.52
-120.48,36.53
-120.47,36.51
-120.47,36.52
-120.46,36.5
-120.46,36.51
-120.45,36.49
-120.45,36.5
-120.44,36.48
-120.44,36.49
-120.43,36.47
-120.43,36.48
-120.42,36.46
-120.42,36.47
-120.41,36.45
-120.41,36.46
-120.4,36.44
-120.4,36.45
-120.39,36.43
-120.39,36.44
-120.38,36.41
-120.38,36.42
-120.37,36.41
-120.36,36.4
-120.35,36.38
-120.35,36.39
-120.34,36.37
-120.34,36.38
-120.33,36.36
-120.33,36.37
-120.32,36.35
-120.32,36.36
-120.31,36.34
-120.31,36.35
-120.3,36.32
-120.3,36.33
-120.29,36.31
-120.29,36.32
-120.29,36.33
-120.28,36.3
-120.28,36.31
-120.27,36.29
-120.27,36.3
-120.26,36.27
-120.26,36.28
-120.26,36.29
-120.25,36.26
-120.25,36.27
-120.24,36.24
-120.24,36.25
-120.24,36.26
-120.23,36.23
-120.23,36.24
-120.22,36.21
-120.22,36.22
-120.21,36.19
-120.21,36.2
-120.21,36.21
-120.2,36.18
-120.2,36.19
-120.19,36.17
-120.19,36.18
-120.18,36.16
-120.17,36.14
-120.17,36.15
-120.16,36.13
-120.16,36.14
-120.15,36.12
-120.15,36.13
-120.14,36.11
-120.14,36.12
-120.13,36.1
-120.13,36.11
-120.12,36.09
-120.12,36.1
-120.11,36.08
-120.11,36.09
-120.1,36.07
-120.1,36.08
-120.09,36.07
-120.08,36.06
-120.08,36.07
-120.07,36.05
-120.07,36.06
-120.06,36.05
-120.05,36.04
-120.05,36.05
-120.04,36.04
-120.03,36.03
-120.03,36.04
-120.02,36.03
-120.01,36.02
-120.01,36.03
-120.0,36.01
-120.0,36.02
-119.99,36.01
-119.98,36.0
-119.98,36.01
-119.97,35.99
-119.97,36.0
-119.96,35.98
-119.96,35.99
-119.95,35.97
-119.95,35.98
-119.94,35.96
-119.94,35.97
-119.93,35.95
-119.93,35.96
-119.92,35.94
-119.92,35.95
-119.91,35.93
-119.91,35.94
-119.9,35.92
-119.9,35.93
-119.89,35.91
-119.89,35.92
-119.88,35.9
-119.88,35.91
-119.87,35.89
-119.87,35.9
-119.86,35.88
-119.86,35.89
-119.85,35.87
-119.85,35.88
-119.84,35.86
-119.84,35.87
-119.83,35.85
-119.83,35.86
-119.82,35.83
-119.82,35.84
-119.82,35.85
-119.81,35.83
-119.78,35.78
-119.78,35.79
-119.77,35.78
-119.76,35.76
-119.74,35.73
-119.74,35.74
-119.73,35.72
-119.72,35.7
-119.71,35.69
-119.69,35.67
-119.66,35.62
-119.65,35.61
-119.65,35.62
-119.64,35.6
-119.64,35.61
-119.63,35.59
-119.62,35.58
-119.61,35.57
-119.6,35.56
-119.59,35.55
-119.57,35.53
-119.55,35.51
-119.54,35.5
-119.53,35.49
-119.53,35.5
-119.52,35.49
-119.49,35.47
-119.48,35.46
-119.47,35.45
-119.47,35.46
-119.46,35.44
-119.45,35.43
-119.45,35.44
-119.43,35.42
-119.42,35.41
-119.42,35.42
-119.41,35.41
-119.4,35.4
-119.39,35.39
-119.38,35.39
-119.35,35.36
-119.34,35.35
-119.34,35.36
-119.33,35.35
-119.32,35.34
-119.32,35.35
-119.31,35.33
-119.29,35.32
-119.29,35.33
-119.28,35.31
-119.27,35.3
-119.27,35.31
-119.26,35.3
-119.25,35.29
-119.25,35.3
-119.24,35.28
-119.24,35.29
-119.23,35.27
-119.23,35.28
-119.22,35.26
-119.22,35.27
-119.21,35.25
-119.2,35.24
-119.2,35.25
-119.19,35.23
-119.19,35.24
-119.18,35.23
-119.17,35.21
-119.17,35.22
-119.16,35.2
-119.16,35.21
-119.15,35.19
-119.15,35.2
-119.13,35.18
-119.12,35.17
-119.11,35.16
-119.11,35.17
-119.1,35.15
-119.09,35.14
-119.08,35.13
-119.08,35.14
-119.07,35.12
-119.07,35.13
-119.06,35.11
-119.06,35.12
-119.05,35.1
-119.05,35.11
-119.04,35.09
-119.04,35.1
-119.03,35.09
-119.02,35.08
-119.01,35.07
-119.0,35.06
-118.99,35.05
-118.99,35.06
-118.98,35.04
-118.97,35.03
-118.96,35.01
-118.96,35.02
-118.96,35.03
-118.95,34.99
-118.95,35.0
-118.95,35.01
-118.95,35.02
-118.94,34.95
-118.94,34.96
-118.94,34.97
-118.94,34.98
-118.94,34.99
-118.93,34.92
-118.93,34.93
-118.93,34.94
-118.93,34.95
-118.92,34.89
-118.92,34.9
-118.92,34.91
-118.92,34.92
-118.92,34.93
-118.91,34.89
-118.9,34.88
-118.9,34.89
-118.89,34.87
-118.89,34.88
-118.88,34.8
-118.88,34.81
-118.88,34.82
-118.88,34.86
-118.88,34.87
-118.87,34.8
-118.87,34.82
-118.87,34.83
-118.87,34.84
-118.87,34.85
-118.87,34.86
-118.86,34.8
-118.86,34.83
-118.86,34.84
-118.85,34.79
-118.85,34.8
-118.84,34.79
-118.83,34.79
-118.82,34.78
-118.82,34.79
-118.81,34.77
-118.81,34.78
-118.8,34.71
-118.8,34.72
-118.8,34.73
-118.8,34.74
-118.8,34.75
-118.8,34.76
-118.8,34.77
-118.79,34.69
-118.79,34.7
-118.79,34.71
-118.78,34.67
-118.78,34.68
-118.78,34.69
-118.77,34.67
-118.76,34.66
-118.76,34.67
-118.75,34.64
-118.75,34.65
-118.75,34.66
-118.74,34.63
-118.74,34.64
-118.73,34.63
-118.72,34.62
-118.72,34.63
-118.71,34.58
-118.71,34.59
-118.71,34.6
-118.71,34.61
-118.71,34.62
-118.7,34.57
-118.7,34.58
-118.69,34.56
-118.69,34.57
-118.68,34.56
-118.67,34.55
-118.67,34.56
-118.66,34.54
-118.66,34.55
-118.65,34.52
-118.65,34.53
-118.65,34.54
-118.64,34.51
-118.64,34.52
-118.64,34.53
-118.63,34.5
-118.63,34.51
-118.62,34.45
-118.62,34.46
-118.62,34.47
-118.62,34.48
-118.62,34.49
-118.62,34.5
-118.61,34.44
-118.61,34.45
-118.61,34.48
-118.6,34.44
-118.59,34.43
-118.59,34.44
-118.58,34.41
-118.58,34.42
-118.58,34.43
-118.57,34.38
-118.57,34.39
-118.57,34.4
-118.56,34.36
-118.56,34.37
-118.56,34.38
-118.55,34.35
-118.55,34.36
-118.54,34.35
-118.53,34.34
-118.53,34.35
-118.52,34.34
-118.51,34.33
-118.51,34.34
-118.5,34.32
-118.5,34.33
-118.49,34.31
-118.49,34.32
-118.48,34.3
-118.48,34.31
-118.47,34.29
-118.47,34.3
-118.46,34.28
-118.46,34.29
-118.45,34.27
-118.45,34.28
-118.44,34.26
-118.44,34.27
-118.43,34.25
-118.43,34.26
-118.42,34.24
-118.42,34.25
-118.41,34.23
-118.41,34.24
-118.4,34.23
-118.39,34.23
-118.38,34.23
-118.37,34.22
-118.37,34.23
-118.36,34.22
-118.35,34.21
-118.35,34.22
-118.34,34.2
-118.34,34.21
-118.33,34.19
-118.33,34.2
-118.32,34.18
-118.32,34.19
-118.31,34.17
-118.31,34.18
-118.3,34.16
-118.3,34.17
-118.29,34.15
-118.29,34.16
-118.28,34.14
-118.28,34.15
-118.27,34.11
-118.27,34.12
-118.27,34.13
-118.26,34.11
-118.25,34.1
-118.25,34.11
-118.24,34.09
-118.24,34.1
-118.23,34.08
-118.23,34.09
-118.22,34.03
-118.22,34.04
-118.22,34.05
-118.22,34.06
-118.22,34.07
-118.22,34.08
-118.21,34.03
-118.21,34.05
-118.21,34.06
-118.2,34.02
-118.2,34.03
-118.19,34.02
-118.18,34.02
-118.17,34.01
-118.17,34.02
-118.16,34.01
-118.15,34.0
-118.15,34.01
-118.14,33.99
-118.14,34.0
-118.13,33.98
-118.13,33.99
-118.12,33.96
-118.12,33.97
-118.12,33.98
-118.11,33.95
-118.11,33.96
-118.1,33.94
-118.1,33.95
-118.09,33.93
-118.09,33.94
-118.08,33.91
-118.08,33.92
-118.07,33.91
-118.06,33.9
-118.05,33.89
-118.05,33.9
-118.04,33.89
-118.03,33.88
-118.03,33.89
-118.02,33.88
-118.01,33.87
-118.01,33.88
-118.0,33.86
-118.0,33.87
-117.99,33.86
-117.98,33.85
-117.98,33.86
-117.97,33.85
-117.96,33.84
-117.96,33.85
-117.95,33.84
-117.94,33.83
-117.94,33.84
-117.93,33.83
-117.92,33.81
-117.92,33.82
-117.92,33.83
-117.91,33.81
-117.91,33.82
-117.9,33.8
-117.9,33.81
-117.89,33.79
-117.89,33.8
-117.88,33.78
-117.88,33.79
-117.87,33.77
-117.87,33.78
-117.86,33.76
-117.85,33.75
-117.85,33.76
-117.84,33.74
-117.84,33.75
-117.83,33.74
-117.82,33.73
-117.82,33.74
-117.81,33.73
-117.8,33.72
-117.8,33.73
-117.79,33.71
-117.79,33.72
-117.78,33.7
-117.78,33.71
-117.77,33.68
-117.77,33.69
-117.77,33.7
-117.76,33.67
-117.76,33.68
-117.75,33.66
-117.75,33.67
-117.74,33.64
-117.74,33.65
-117.74,33.66
-117.73,33.63
-117.73,33.64
-117.72,33.62
-117.72,33.63
-117.71,33.61
-117.71,33.62
-117.7,33.61
-117.69,33.6
-117.69,33.61
-117.68,33.53
-117.68,33.54
-117.68,33.6
-117.67,33.46
-117.67,33.47
-117.67,33.48
-117.67,33.49
-117.67,33.52
-117.67,33.53
-117.67,33.54
-117.67,33.55
-117.67,33.56
-117.67,33.57
-117.67,33.58
-117.67,33.59
-117.67,33.6
-117.66,33.46
-117.66,33.49
-117.66,33.5
-117.66,33.51
-117.66,33.52
-117.65,33.45
-117.65,33.46
-117.64,33.45
-117.63,33.44
-117.63,33.45
-117.62,33.43
-117.62,33.44
-117.61,33.42
-117.61,33.43
-117.6,33.4
-117.6,33.41
-117.6,33.42
-117.59,33.39
-117.59,33.4
-117.58,33.38
-117.58,33.39
-117.57,33.38
-117.56,33.37
-117.56,33.38
-117.55,33.37
-117.54,33.36
-117.54,33.37
-117.53,33.35
-117.53,33.36
-117.52,33.35
-117.51,33.34
-117.51,33.35
-117.5,33.33
-117.5,33.34
-117.49,33.32
-117.49,33.33
-117.48,33.31
-117.48,33.32
-117.47,33.3
-117.47,33.31
-117.46,33.29
-117.46,33.3
-117.45,33.28
-117.45,33.29
-117.44,33.27
-117.43,33.26
-117.43,33.27
-117.42,33.24
-117.42,33.25
-117.42,33.26
-117.41,33.23
-117.41,33.24
-117.4,33.23
-117.4,33.24
-117.39,33.21
-117.39,33.22
-117.38,33.2
-117.38,33.21
-117.37,33.19
-117.37,33.2
-117.36,33.18
-117.36,33.19
-117.35,33.17
-117.35,33.18
-117.34,33.15
-117.34,33.16
-117.34,33.17
-117.33,33.13
-117.33,33.14
-117.33,33.15
-117.32,33.11
-117.32,33.12
-117.32,33.13
-117.31,33.09
-117.31,33.1
-117.31,33.11
-117.3,33.08
-117.3,33.09
-117.29,33.04
-117.29,33.05
-117.29,33.06
-117.29,33.07
-117.28,33.03
-117.28,33.04
-117.27,33.01
-117.27,33.02
-117.27,33.03
-117.26,32.99
-117.26,33.0
-117.26,33.01
-117.25,32.96
-117.25,32.97
-117.25,32.98
-117.25,32.99
-117.24,32.84
-117.24,32.85
-117.24,32.92
-117.24,32.93
-117.24,32.94
-117.24,32.95
-117.24,32.96
-117.23,32.82
-117.23,32.83
-117.23,32.84
-117.23,32.85
-117.23,32.86
-117.23,32.87
-117.23,32.88
-117.23,32.89
-117.23,32.9
-117.23,32.91
-117.23,32.92
-117.22,32.81
-117.22,32.82
-117.22,32.9
-117.22,32.91
-117.21,32.76
-117.21,32.77
-117.21,32.78
-117.21,32.79
-117.21,32.8
-117.21,32.81
-117.2,32.75
-117.2,32.76
-117.19,32.74
-117.19,32.75
-117.18,32.74
-117.17,32.72
-117.17,32.73
-117.17,32.74
-117.16,32.72
-117.15,32.7
-117.15,32.71
-117.15,32.72
-117.14,32.7
-117.13,32.69
-117.13,32.7
-117.12,32.69
-117.11,32.65
-117.11,32.66
-117.11,32.67
-117.11,32.68
-117.11,32.69
-117.1,32.63
-117.1,32.64
-117.1,32.65
-117.09,32.58
-117.09,32.59
-117.09,32.6
-117.09,32.61
-117.09,32.62
-117.09,32.63
-117.08,32.57
-117.08,32.58
-117.07,32.56
-117.07,32.57
-117.06,32.56
-117.05,32.55
-117.05,32.56
-117.04,32.55
-117.03,32.54
-117.03,32.55