-118.49,34.01
-118.48,34.02
-118.47,34.02
-118.47,34.03
-118.46,34.03
-118.45,34.03
-118.44,34.03
-118.43,34.03
-118.42,34.03
-118.41,34.03
-118.4,34.03
-118.39,34.03
-118.38,34.03
-118.38,34.04
-118.37,34.03
-118.37,34.04
-118.36,34.03
-118.35,34.03
-118.34,34.03
-118.33,34.03
-118.33,34.04
-118.32,34.04
-118.31,34.04
-118.3,34.04
-118.29,34.04
-118.28,34.04
-118.27,34.03
-118.27,34.04
-118.26,34.03
-118.25,34.02
-118.25,34.03
-118.24,34.02
-118.24,34.03
-118.24,34.05
-118.23,34.03
-118.23,34.05
-118.22,34.03
-118.22,34.04
-118.22,34.05
-118.22,34.06
-118.21,34.05
-118.21,34.06
-118.2,34.05
-118.2,34.06
-118.19,34.06
-118.18,34.06
-118.17,34.06
-118.16,34.06
-118.16,34.07
-118.15,34.07
-118.14,34.07
-118.13,34.07
-118.12,34.07
-118.11,34.07
-118.1,34.07
-118.09,34.07
-118.08,34.07
-118.07,34.07
-118.06,34.07
-118.05,34.07
-118.04,34.07
-118.03,34.07
-118.02,34.07
-118.01,34.06
-118.01,34.07
-118.0,34.06
-118.0,34.07
-117.99,34.07
-117.98,34.07
-117.97,34.07
-117.96,34.07
-117.95,34.07
-117.94,34.07
-117.93,34.07
-117.92,34.07
-117.91,34.07
-117.9,34.07
-117.89,34.07
-117.88,34.07
-117.87,34.07
-117.86,34.07
-117.85,34.07
-117.84,34.07
-117.83,34.06
-117.83,34.07
-117.82,34.06
-117.81,34.06
-117.81,34.07
-117.8,34.07
-117.79,34.07
-117.78,34.07
-117.77,34.07
-117.76,34.07
-117.75,34.07
-117.75,34.08
-117.74,34.08
-117.73,34.08
-117.72,34.08
-117.71,34.08
-117.7,34.08
-117.69,34.08
-117.69,34.09
-117.68,34.09
-117.67,34.09
-117.66,34.09
-117.65,34.09
-117.64,34.08
-117.64,34.09
-117.63,34.08
-117.62,34.07
-117.62,34.08
-117.61,34.07
-117.6,34.07
-117.59,34.07
-117.58,34.07
-117.57,34.07
-117.56,34.07
-117.55,34.07
-117.54,34.07
-117.53,34.07
-117.52,34.07
-117.51,34.07
-117.5,34.07
-117.49,34.07
-117.48,34.07
-117.47,34.07
-117.46,34.07
-117.45,34.07
-117.44,34.07
-117.43,34.07
-117.42,34.07
-117.41,34.07
-117.4,34.07
-117.39,34.07
-117.38,34.07
-117.37,34.07
-117.36,34.07
-117.35,34.07
-117.34,34.07
-117.33,34.07
-117.32,34.07
-117.31,34.06
-117.31,34.07
-117.3,34.06
-117.3,34.07
-117.29,34.06
-117.28,34.06
-117.27,34.06
-117.26,34.06
-117.26,34.07
-117.25,34.07
-117.24,34.07
-117.23,34.07
-117.22,34.07
-117.21,34.07
-117.2,34.06
-117.2,34.07
-117.19,34.06
-117.18,34.06
-117.17,34.06
-117.16,34.04
-117.16,34.05
-117.16,34.06
-117.15,34.04
-117.14,34.03
-117.14,34.04
-117.13,34.03
-117.12,34.03
-117.11,34.02
-117.11,34.03
-117.1,34.02
-117.09,34.01
-117.09,34.02
-117.08,34.01
-117.07,34.0
-117.07,34.01
-117.06,33.99
-117.06,34.0
-117.05,33.97
-117.05,33.98
-117.05,33.99
-117.04,33.97
-117.03,33.96
-117.03,33.97
-117.02,33.95
-117.02,33.96
-117.01,33.95
-117.0,33.94
-117.0,33.95
-116.99,33.93
-116.99,33.94
-116.98,33.93
-116.97,33.93
-116.96,33.93
-116.95,33.93
-116.94,33.93
-116.93,33.93
-116.92,33.92
-116.92,33.93
-116.91,33.92
-116.91,33.93
-116.9,33.92
-116.89,33.92
-116.88,33.92
-116.87,33.92
-116.86,33.92
-116.86,33.93
-116.85,33.93
-116.84,33.93
-116.83,33.93
-116.82,33.93
-116.81,33.92
-116.8,33.92
-116.79,33.92
-116.78,33.92
-116.77,33.92
-116.76,33.92
-116.75,33.92
-116.74,33.92
-116.73,33.92
-116.72,33.92
-116.71,33.92
-116.7,33.92
-116.69,33.92
-116.68,33.92
-116.67,33.92
-116.66,33.92
-116.65,33.92
-116.64,33.92
-116.63,33.92
-116.62,33.92
-116.61,33.91
-116.61,33.92
-116.6,33.91
-116.59,33.91
-116.58,33.91
-116.57,33.91
-116.56,33.9
-116.56,33.91
-116.55,33.9
-116.55,33.91
-116.54,33.9
-116.53,33.9
-116.52,33.89
-116.52,33.9
-116.51,33.88
-116.51,33.89
-116.5,33.87
-116.5,33.88
-116.49,33.87
-116.48,33.86
-116.47,33.85
-116.47,33.86
-116.46,33.85
-116.45,33.84
-116.45,33.85
-116.44,33.84
-116.43,33.83
-116.42,33.83
-116.41,33.82
-116.4,33.81
-116.4,33.82
-116.39,33.8
-116.39,33.81
-116.38,33.8
-116.37,33.79
-116.37,33.8
-116.36,33.79
-116.35,33.78
-116.35,33.79
-116.34,33.77
-116.34,33.78
-116.33,33.77
-116.32,33.76
-116.32,33.77
-116.31,33.76
-116.3,33.76
-116.29,33.76
-116.28,33.75
-116.27,33.75
-116.26,33.74
-116.26,33.75
-116.25,33.74
-116.24,33.74
-116.23,33.74
-116.22,33.74
-116.21,33.73
-116.21,33.74
-116.2,33.72
-116.2,33.73
-116.19,33.71
-116.19,33.72
-116.18,33.71
-116.18,33.72
-116.17,33.71
-116.17,33.72
-116.16,33.71
-116.15,33.71
-116.14,33.71
-116.13,33.7
-116.13,33.71
-116.12,33.7
-116.11,33.7
-116.1,33.7
-116.09,33.7
-116.08,33.7
-116.07,33.7
-116.06,33.7
-116.05,33.69
-116.04,33.69
-116.03,33.69
-116.02,33.68
-116.02,33.69
-116.01,33.68
-116.0,33.68
-115.99,33.68
-115.98,33.68
-115.97,33.68
-115.96,33.68
-115.95,33.67
-115.95,33.68
-115.94,33.67
-115.93,33.67
-115.92,33.67
-115.91,33.67
-115.9,33.67
-115.89,33.67
-115.88,33.66
-115.88,33.67
-115.87,33.66
-115.86,33.66
-115.85,33.66
-115.84,33.66
-115.83,33.66
-115.82,33.66
-115.81,33.66
-115.8,33.66
-115.79,33.66
-115.78,33.66
-115.77,33.66
-115.76,33.66
-115.75,33.66
-115.74,33.66
-115.73,33.66
-115.72,33.66
-115.71,33.66
-115.7,33.66
-115.69,33.66
-115.69,33.67
-115.68,33.67
-115.67,33.67
-115.66,33.67
-115.65,33.67
-115.64,33.67
-115.63,33.67
-115.62,33.67
-115.61,33.67
-115.6,33.67
-115.59,33.67
-115.58,33.67
-115.58,33.68
-115.57,33.67
-115.57,33.68
-115.56,33.68
-115.55,33.68
-115.54,33.68
-115.53,33.68
-115.53,33.69
-115.52,33.69
-115.51,33.69
-115.5,33.69
-115.49,33.69
-115.49,33.7
-115.48,33.7
-115.47,33.7
-115.46,33.7
-115.45,33.7
-115.44,33.7
-115.43,33.71
-115.42,33.71
-115.41,33.71
-115.4,33.71
-115.39,33.71
-115.38,33.71
-115.37,33.71
-115.36,33.71
-115.35,33.71
-115.34,33.71
-115.33,33.7
-115.32,33.7
-115.31,33.7
-115.3,33.7
-115.29,33.7
-115.28,33.69
-115.27,33.69
-115.26,33.69
-115.25,33.68
-115.25,33.69
-115.24,33.68
-115.23,33.68
-115.22,33.68
-115.21,33.67
-115.2,33.67
-115.19,33.67
-115.18,33.66
-115.17,33.66
-115.14,33.65
-115.13,33.65
-115.12,33.64
-115.12,33.65
-115.11,33.64
-115.1,33.64
-115.09,33.64
-115.08,33.63
-115.08,33.64
-115.07,33.63
-115.06,33.63
-115.05,33.62
-115.05,33.63
-115.04,33.62
-115.03,33.62
-115.02,33.62
-115.01,33.61
-115.0,33.61
-114.99,33.61
-114.98,33.61
-114.97,33.61
-114.96,33.61
-114.95,33.61
-114.94,33.61
-114.93,33.61
-114.92,33.61
-114.91,33.61
-114.9,33.61
-114.89,33.61
-114.88,33.61
-114.87,33.61
-114.86,33.61
-114.85,33.61
-114.84,33.61
-114.83,33.61
-114.82,33.61
-114.81,33.61
-114.8,33.61
-114.79,33.61
-114.78,33.61
-114.77,33.61
-114.76,33.61
-114.75,33.61
-114.74,33.61
-114.73,33.61
-114.72,33.61
-114.71,33.61
-114.7,33.61
-114.69,33.61
-114.68,33.61
-114.67,33.61
-114.66,33.61
-114.65,33.61
-114.64,33.61
-114.63,33.61
-114.62,33.61
-114.61,33.61
-114.6,33.61
-114.59,33.61
-114.58,33.61
-114.57,33.61
-114.56,33.61
-114.55,33.61
-114.54,33.61
-114.53,33.6
-114.53,33.61
-114.52,33.6
-114.51,33.6
-114.5,33.6
-114.5,33.61
-114.49,33.61
-114.48,33.61
-114.47,33.61
-114.47,33.62
-114.46,33.62
-114.45,33.62
-114.44,33.62
-114.43,33.62
-114.43,33.63
-114.42,33.63
-114.41,33.63
-114.4,33.63
-114.4,33.64
-114.39,33.63
-114.39,33.64
-114.38,33.64
-114.38,33.65
-114.37,33.65
-114.36,33.65
-114.35,33.65
-114.34,33.65
-114.33,33.65
-114.32,33.65
-114.31,33.65
-114.3,33.65
-114.29,33.65
-114.28,33.65
-114.27,33.66
-114.26,33.66
-114.25,33.66
-114.24,33.66
-114.23,33.66
-114.22,33.66
-114.21,33.66
-114.2,33.66
-114.2,33.67
-114.19,33.67
-114.18,33.67
-114.17,33.67
-114.16,33.67
-114.15,33.67
-114.14,33.67
-114.13,33.67
-114.13,33.68
-114.12,33.68
-114.11,33.68
-114.1,33.68
-114.09,33.68
-114.08,33.68
-114.07,33.68
-114.06,33.68
-114.05,33.67
-114.05,33.68
-114.04,33.67
-114.03,33.66
-114.03,33.67
-114.02,33.66
-114.01,33.66
-114.0,33.66
-113.99,33.66
-113.98,33.66
-113.97,33.66
-113.96,33.65
-113.96,33.66
-113.95,33.65
-113.95,33.66
-113.94,33.65
-113.93,33.65
-113.92,33.65
-113.91,33.65
-113.9,33.65
-113.89,33.65
-113.88,33.65
-113.87,33.64
-113.87,33.65
-113.86,33.64
-113.85,33.64
-113.84,33.64
-113.83,33.64
-113.82,33.64
-113.81,33.64
-113.8,33.64
-113.79,33.63
-113.78,33.63
-113.77,33.63
-113.76,33.63
-113.75,33.63
-113.74,33.63
-113.73,33.62
-113.73,33.63
-113.72,33.62
-113.71,33.62
-113.7,33.62
-113.69,33.62
-113.68,33.62
-113.67,33.62
-113.66,33.62
-113.65,33.61
-113.64,33.61
-113.63,33.61
-113.62,33.61
-113.61,33.61
-113.6,33.61
-113.58,33.6
-113.57,33.6
-113.56,33.6
-113.54,33.6
-113.53,33.59
-113.53,33.6
-113.52,33.59
-113.52,33.6
-113.51,33.59
-113.5,33.59
-113.49,33.59
-113.47,33.59
-113.46,33.58
-113.45,33.58
-113.44,33.58
-113.43,33.58
-113.42,33.58
-113.41,33.58
-113.4,33.58
-113.39,33.57
-113.39,33.58
-113.38,33.57
-113.37,33.57
-113.36,33.57
-113.35,33.57
-113.34,33.57
-113.33,33.56
-113.33,33.57
-113.32,33.56
-113.31,33.56
-113.3,33.56
-113.29,33.56
-113.28,33.56
-113.27,33.56
-113.26,33.55
-113.26,33.56
-113.25,33.55
-113.24,33.55
-113.23,33.55
-113.22,33.55
-113.21,33.55
-113.2,33.55
-113.19,33.54
-113.18,33.54
-113.17,33.54
-113.16,33.54
-113.15,33.54
-113.14,33.53
-113.13,33.53
-113.12,33.53
-113.11,33.53
-113.1,33.52
-113.1,33.53
-113.09,33.52
-113.09,33.53
-113.08,33.52
-113.07,33.52
-113.06,33.52
-113.05,33.52
-113.04,33.52
-113.03,33.51
-113.02,33.51
-113.01,33.51
-113.0,33.51
-112.99,33.51
-112.98,33.5
-112.98,33.51
-112.97,33.5
-112.96,33.5
-112.95,33.5
-112.94,33.5
-112.93,33.49
-112.93,33.5
-112.92,33.49
-112.91,33.49
-112.9,33.49
-112.89,33.49
-112.88,33.48
-112.88,33.49
-112.87,33.48
-112.86,33.48
-112.85,33.48
-112.84,33.47
-112.84,33.48
-112.83,33.47
-112.82,33.47
-112.81,33.47
-112.8,33.47
-112.79,33.46
-112.79,33.47
-112.78,33.46
-112.77,33.46
-112.76,33.46
-112.75,33.45
-112.75,33.46
-112.74,33.45
-112.73,33.45
-112.72,33.45
-112.71,33.45
-112.7,33.44
-112.69,33.44
-112.68,33.44
-112.67,33.44
-112.66,33.43
-112.66,33.44
-112.65,33.43
-112.64,33.43
-112.63,33.43
-112.62,33.43
-112.61,33.43
-112.6,33.43
-112.59,33.43
-112.59,33.44
-112.58,33.44
-112.57,33.44
-112.56,33.44
-112.55,33.45
-112.54,33.45
-112.53,33.45
-112.52,33.45
-112.52,33.46
-112.51,33.46
-112.5,33.46
-112.49,33.46
-112.48,33.46
-112.47,33.46
-112.46,33.46
-112.45,33.46
-112.44,33.46
-112.43,33.46
-112.42,33.46
-112.41,33.46
-112.4,33.46
-112.39,33.46
-112.38,33.46
-112.37,33.46
-112.36,33.46
-112.35,33.46
-112.34,33.46
-112.33,33.46
-112.32,33.46
-112.31,33.46
-112.3,33.46
-112.29,33.46
-112.28,33.46
-112.27,33.46
-112.26,33.46
-112.25,33.46
-112.24,33.46
-112.23,33.46
-112.22,33.46
-112.21,33.46
-112.2,33.46
-112.19,33.46
-112.18,33.46
-112.17,33.46
-112.16,33.46
-112.15,33.46
-112.14,33.46
-112.13,33.46
-112.12,33.46
-112.11,33.46
-112.1,33.46
-112.09,33.46
-112.08,33.46
-112.07,33.46
-112.06,33.46
-112.05,33.46
-112.04,33.43
-112.04,33.44
-112.04,33.45
-112.04,33.46
-112.03,33.43
-112.02,33.42
-112.01,33.41
-112.0,33.41
-111.99,33.41
-111.98,33.41
-111.97,33.28
-111.97,33.29
-111.97,33.3
-111.97,33.31
-111.97,33.32
-111.97,33.33
-111.97,33.34
-111.97,33.35
-111.97,33.36
-111.97,33.37
-111.97,33.38
-111.97,33.39
-111.97,33.4
-111.97,33.41
-111.96,33.26
-111.96,33.28
-111.95,33.25
-111.95,33.26
-111.94,33.24
-111.94,33.25
-111.93,33.23
-111.93,33.24
-111.92,33.21
-111.92,33.22
-111.92,33.23
-111.91,33.2
-111.91,33.21
-111.9,33.19
-111.9,33.2
-111.89,33.18
-111.89,33.19
-111.88,33.16
-111.88,33.17
-111.87,33.15
-111.87,33.16
-111.86,33.13
-111.86,33.14
-111.86,33.15
-111.85,33.12
-111.85,33.13
-111.84,33.11
-111.84,33.12
-111.83,33.1
-111.83,33.11
-111.82,33.08
-111.82,33.09
-111.82,33.1
-111.81,33.07
-111.81,33.08
-111.8,33.06
-111.8,33.07
-111.79,33.04
-111.79,33.05
-111.79,33.06
-111.78,33.03
-111.78,33.04
-111.77,33.02
-111.77,33.03
-111.76,33.01
-111.76,33.02
-111.75,32.99
-111.75,33.0
-111.75,33.01
-111.74,32.98
-111.74,32.99
-111.73,32.97
-111.73,32.98
-111.72,32.96
-111.72,32.97
-111.71,32.94
-111.71,32.95
-111.71,32.96
-111.7,32.93
-111.7,32.94
-111.69,32.82
-111.69,32.83
-111.69,32.84
-111.69,32.85
-111.69,32.86
-111.69,32.87
-111.69,32.88
-111.69,32.89
-111.69,32.9
-111.69,32.91
-111.69,32.92
-111.69,32.93
-111.68,32.81
-111.68,32.82
-111.67,32.81
-111.66,32.8
-111.65,32.79
-111.65,32.8
-111.64,32.79
-111.63,32.78
-111.63,32.79
-111.62,32.77
-111.62,32.78
-111.61,32.77
-111.6,32.76
-111.6,32.77
-111.59,32.76
-111.57,32.74
-111.57,32.75
-111.56,32.74
-111.55,32.73
-111.55,32.74
-111.54,32.73
-111.53,32.73
-111.52,32.72
-111.52,32.73
-111.51,32.72
-111.5,32.71
-111.5,32.72
-111.49,32.71
-111.48,32.7
-111.48,32.71
-111.47,32.69
-111.47,32.7
-111.46,32.69
-111.45,32.68
-111.45,32.69
-111.44,32.68
-111.43,32.67
-111.43,32.68
-111.42,32.66
-111.42,32.67
-111.41,32.66
-111.4,32.65
-111.4,32.66
-111.39,32.64
-111.39,32.65
-111.38,32.63
-111.38,32.64
-111.37,32.62
-111.37,32.63
-111.36,32.61
-111.36,32.62
-111.35,32.6
-111.35,32.61
-111.34,32.59
-111.34,32.6
-111.33,32.58
-111.33,32.59
-111.32,32.56
-111.32,32.57
-111.32,32.58
-111.31,32.55
-111.31,32.56
-111.3,32.54
-111.3,32.55
-111.29,32.53
-111.29,32.54
-111.28,32.52
-111.28,32.53
-111.27,32.5
-111.27,32.51
-111.27,32.52
-111.26,32.49
-111.26,32.5
-111.25,32.48
-111.25,32.49
-111.24,32.48
-111.23,32.47
-111.22,32.46
-111.22,32.47
-111.21,32.46
-111.2,32.45
-111.19,32.44
-111.19,32.45
-111.18,32.44
-111.17,32.43
-111.16,32.42
-111.15,32.41
-111.15,32.42
-111.14,32.4
-111.14,32.41
-111.13,32.4
-111.12,32.39
-111.12,32.4
-111.11,32.37
-111.11,32.38
-111.11,32.39
-111.1,32.36
-111.1,32.37
-111.09,32.35
-111.09,32.36
-111.08,32.35
-111.07,32.34
-111.07,32.35
-111.06,32.33
-111.06,32.34
-111.05,32.31
-111.05,32.32
-111.05,32.33
-111.04,32.3
-111.04,32.31
-111.03,32.29
-111.03,32.3
-111.02,32.28
-111.02,32.29
-111.01,32.26
-111.01,32.27
-111.01,32.28
-111.0,32.25
-111.0,32.26
-110.99,32.24
-110.99,32.25
-110.98,32.19
-110.98,32.2
-110.98,32.21
-110.98,32.22
-110.98,32.23
-110.98,32.24
-110.97,32.19
-110.96,32.18
-110.96,32.19
-110.95,32.18
-110.94,32.17
-110.94,32.18
-110.93,32.17
-110.92,32.16
-110.92,32.17
-110.91,32.16
-110.9,32.15
-110.89,32.13
-110.89,32.14
-110.89,32.15
-110.88,32.13
-110.87,32.12
-110.87,32.13
-110.86,32.11
-110.86,32.12
-110.85,32.11
-110.84,32.1
-110.84,32.11
-110.83,32.09
-110.83,32.1
-110.82,32.09
-110.81,32.08
-110.81,32.09
-110.8,32.08
-110.79,32.07
-110.78,32.06
-110.78,32.07
-110.77,32.06
-110.76,32.05
-110.76,32.06
-110.75,32.04
-110.75,32.05
-110.74,32.04
-110.73,32.03
-110.73,32.04
-110.72,32.02
-110.72,32.03
-110.71,32.02
-110.7,32.01
-110.7,32.02
-110.69,32.0
-110.69,32.01
-110.68,32.0
-110.67,32.0
-110.66,32.0
-110.65,32.0
-110.64,32.0
-110.63,32.0
-110.62,32.0
-110.61,31.99
-110.61,32.0
-110.6,31.99
-110.59,31.99
-110.58,31.99
-110.57,31.99
-110.56,31.98
-110.56,31.99
-110.55,31.98
-110.54,31.98
-110.53,31.98
-110.52,31.98
-110.51,31.98
-110.5,31.97
-110.5,31.98
-110.49,31.97
-110.48,31.97
-110.47,31.97
-110.46,31.96
-110.46,31.97
-110.45,31.96
-110.44,31.96
-110.43,31.96
-110.42,31.96
-110.41,31.96
-110.4,31.96
-110.39,31.96
-110.38,31.96
-110.37,31.96
-110.36,31.96
-110.35,31.96
-110.34,31.96
-110.34,31.97
-110.33,31.97
-110.32,31.97
-110.32,31.98
-110.31,31.98
-110.3,31.98
-110.29,31.97
-110.29,31.98
-110.28,31.97
-110.27,31.97
-110.26,31.97
-110.25,31.97
-110.24,31.97
-110.23,31.98
-110.22,31.98
-110.21,31.98
-110.2,31.98
-110.2,31.99
-110.19,31.99
-110.18,31.99
-110.17,31.99
-110.17,32.0
-110.16,32.0
-110.15,32.0
-110.14,32.01
-110.13,32.01
-110.12,32.01
-110.12,32.02
-110.11,32.02
-110.11,32.03
-110.1,32.03
-110.1,32.04
-110.09,32.04
-110.09,32.05
-110.08,32.05
-110.08,32.06
-110.07,32.06
-110.07,32.07
-110.06,32.07
-110.06,32.08
-110.05,32.08
-110.05,32.09
-110.04,32.09
-110.03,32.1
-110.03,32.11
-110.02,32.11
-110.02,32.12
-110.01,32.12
-110.01,32.13
-110.01,32.14
-110.0,32.14
-110.0,32.15
-109.99,32.15
-109.98,32.16
-109.97,32.16
-109.97,32.17
-109.96,32.17
-109.95,32.17
-109.95,32.18
-109.94,32.18
-109.93,32.19
-109.92,32.19
-109.92,32.2
-109.91,32.2
-109.9,32.2
-109.9,32.21
-109.89,32.21
-109.88,32.22
-109.88,32.23
-109.87,32.23
-109.87,32.24
-109.86,32.24
-109.86,32.25
-109.85,32.25
-109.85,32.26
-109.84,32.27
-109.84,32.28
-109.83,32.28
-109.82,32.29
-109.81,32.29
-109.81,32.3
-109.8,32.3
-109.8,32.31
-109.79,32.31
-109.79,32.32
-109.78,32.32
-109.77,32.33
-109.76,32.34
-109.75,32.34
-109.75,32.35
-109.74,32.35
-109.73,32.35
-109.72,32.35
-109.71,32.35
-109.71,32.36
-109.7,32.36
-109.69,32.36
-109.68,32.36
-109.67,32.36
-109.66,32.36
-109.65,32.36
-109.64,32.36
-109.63,32.36
-109.62,32.36
-109.61,32.35
-109.61,32.36
-109.6,32.35
-109.59,32.34
-109.59,32.35
-109.58,32.34
-109.57,32.34
-109.56,32.34
-109.55,32.34
-109.54,32.34
-109.53,32.33
-109.53,32.34
-109.52,32.33
-109.51,32.33
-109.5,32.32
-109.49,32.32
-109.48,32.32
-109.47,32.32
-109.46,32.32
-109.45,32.32
-109.44,32.32
-109.43,32.31
-109.43,32.32
-109.42,32.31
-109.41,32.31
-109.4,32.31
-109.39,32.3
-109.39,32.31
-109.38,32.3
-109.37,32.3
-109.36,32.3
-109.35,32.3
-109.34,32.29
-109.34,32.3
-109.33,32.29
-109.32,32.29
-109.31,32.29
-109.3,32.28
-109.3,32.29
-109.29,32.28
-109.28,32.28
-109.27,32.28
-109.26,32.27
-109.26,32.28
-109.25,32.27
-109.24,32.27
-109.23,32.26
-109.23,32.27
-109.22,32.26
-109.21,32.26
-109.2,32.26
-109.19,32.26
-109.18,32.26
-109.17,32.25
-109.17,32.26
-109.16,32.25
-109.15,32.25
-109.14,32.25
-109.13,32.25
-109.12,32.24
-109.11,32.24
-109.1,32.24
-109.09,32.24
-109.08,32.23
-109.08,32.24
-109.07,32.23
-109.06,32.23
-109.05,32.23
-109.04,32.22
-109.04,32.23
-109.03,32.22
-109.02,32.22
-109.01,32.22
-109.01,32.23
-109.0,32.23
-108.99,32.23
-108.98,32.23
-108.97,32.23
-108.96,32.23
-108.96,32.24
-108.95,32.24
-108.94,32.24
-108.94,32.25
-108.93,32.25
-108.92,32.26
-108.91,32.26
-108.91,32.27
-108.9,32.27
-108.89,32.27
-108.89,32.28
-108.88,32.28
-108.87,32.28
-108.87,32.29
-108.86,32.29
-108.85,32.3
-108.84,32.3
-108.84,32.31
-108.83,32.31
-108.82,32.31
-108.82,32.32
-108.81,32.32
-108.8,32.32
-108.8,32.33
-108.79,32.33
-108.79,32.34
-108.78,32.34
-108.77,32.34
-108.77,32.35
-108.76,32.35
-108.75,32.35
-108.74,32.35
-108.73,32.35
-108.72,32.34
-108.72,32.35
-108.71,32.34
-108.7,32.34
-108.69,32.34
-108.68,32.34
-108.67,32.34
-108.66,32.33
-108.66,32.34
-108.65,32.33
-108.64,32.33
-108.63,32.32
-108.63,32.33
-108.62,32.32
-108.61,32.31
-108.61,32.32
-108.6,32.31
-108.59,32.3
-108.59,32.31
-108.58,32.29
-108.58,32.3
-108.57,32.29
-108.56,32.28
-108.56,32.29
-108.55,32.28
-108.54,32.27
-108.53,32.26
-108.53,32.27
-108.52,32.26
-108.51,32.25
-108.51,32.26
-108.5,32.25
-108.49,32.24
-108.48,32.24
-108.46,32.23
-108.45,32.22
-108.43,32.21
-108.42,32.2
-108.41,32.19
-108.41,32.2
-108.4,32.19
-108.39,32.18
-108.38,32.18
-108.37,32.18
-108.36,32.18
-108.35,32.18
-108.34,32.19
-108.33,32.19
-108.32,32.19
-108.31,32.19
-108.3,32.19
-108.29,32.19
-108.29,32.2
-108.28,32.2
-108.27,32.2
-108.26,32.2
-108.25,32.2
-108.24,32.2
-108.24,32.21
-108.23,32.21
-108.22,32.21
-108.21,32.21
-108.2,32.21
-108.19,32.21
-108.19,32.22
-108.18,32.22
-108.17,32.22
-108.16,32.22
-108.15,32.22
-108.14,32.22
-108.13,32.22
-108.12,32.22
-108.12,32.23
-108.11,32.23
-108.1,32.23
-108.09,32.23
-108.08,32.23
-108.07,32.23
-108.06,32.23
-108.05,32.23
-108.04,32.24
-108.03,32.24
-108.02,32.24
-108.01,32.24
-108.0,32.24
-107.99,32.24
-107.98,32.24
-107.97,32.24
-107.97,32.25
-107.96,32.24
-107.96,32.25
-107.95,32.25
-107.94,32.25
-107.93,32.25
-107.92,32.25
-107.91,32.25
-107.9,32.25
-107.89,32.25
-107.88,32.26
-107.87,32.26
-107.86,32.26
-107.85,32.26
-107.84,32.26
-107.83,32.26
-107.82,32.26
-107.81,32.26
-107.8,32.27
-107.79,32.27
-107.78,32.27
-107.77,32.27
-107.76,32.27
-107.75,32.27
-107.74,32.27
-107.73,32.27
-107.72,32.27
-107.72,32.28
-107.71,32.28
-107.7,32.28
-107.69,32.28
-107.68,32.28
-107.67,32.28
-107.66,32.28
-107.65,32.29
-107.64,32.29
-107.63,32.29
-107.62,32.29
-107.61,32.29
-107.6,32.28
-107.59,32.28
-107.58,32.28
-107.57,32.28
-107.56,32.28
-107.55,32.27
-107.55,32.28
-107.54,32.27
-107.53,32.27
-107.52,32.27
-107.51,32.26
-107.5,32.26
-107.49,32.26
-107.48,32.25
-107.48,32.26
-107.47,32.25
-107.46,32.25
-107.45,32.24
-107.45,32.25
-107.44,32.24
-107.43,32.24
-107.42,32.24
-107.41,32.24
-107.4,32.24
-107.39,32.24
-107.38,32.24
-107.37,32.24
-107.36,32.24
-107.35,32.24
-107.34,32.24
-107.33,32.24
-107.32,32.24
-107.31,32.24
-107.3,32.24
-107.29,32.24
-107.28,32.24
-107.27,32.24
-107.26,32.24
-107.25,32.24
-107.24,32.24
-107.23,32.24
-107.22,32.24
-107.21,32.24
-107.2,32.24
-107.19,32.24
-107.18,32.24
-107.17,32.24
-107.16,32.24
-107.16,32.25
-107.15,32.25
-107.14,32.25
-107.13,32.25
-107.12,32.25
-107.11,32.25
-107.1,32.25
-107.09,32.25
-107.08,32.25
-107.06,32.26
-107.05,32.26
-107.04,32.26
-107.02,32.26
-107.01,32.26
-107.0,32.26
-106.99,32.26
-106.98,32.26
-106.98,32.27
-106.97,32.27
-106.96,32.27
-106.95,32.27
-106.94,32.27
-106.93,32.27
-106.92,32.27
-106.91,32.27
-106.9,32.28
-106.89,32.28
-106.88,32.28
-106.87,32.28
-106.86,32.28
-106.85,32.28
-106.85,32.29
-106.84,32.29
-106.83,32.29
-106.82,32.29
-106.81,32.29
-106.81,32.3
-106.8,32.29
-106.8,32.3
-106.79,32.29
-106.78,32.28
-106.78,32.29
-106.77,32.28
-106.76,32.27
-106.76,32.28
-106.75,32.27
-106.74,32.26
-106.74,32.27
-106.73,32.25
-106.73,32.26
-106.72,32.24
-106.72,32.25
-106.71,32.22
-106.71,32.23
-106.71,32.24
-106.7,32.21
-106.7,32.22
-106.69,32.19
-106.69,32.2
-106.69,32.21
-106.68,32.18
-106.68,32.19
-106.67,32.17
-106.67,32.18
-106.66,32.15
-106.66,32.16
-106.66,32.17
-106.65,32.14
-106.65,32.15
-106.64,32.12
-106.64,32.13
-106.64,32.14
-106.63,32.1
-106.63,32.11
-106.63,32.12
-106.62,32.08
-106.62,32.09
-106.62,32.1
-106.61,32.06
-106.61,32.07
-106.61,32.08
-106.6,32.04
-106.6,32.05
-106.6,32.06
-106.59,32.02
-106.59,32.03
-106.59,32.04
-106.58,31.86
-106.58,31.87
-106.58,31.88
-106.58,31.89
-106.58,31.9
-106.58,31.91
-106.58,31.92
-106.58,31.93
-106.58,31.94
-106.58,31.95
-106.58,31.96
-106.58,31.97
-106.58,31.98
-106.58,31.99
-106.58,32.0
-106.58,32.01
-106.58,32.02
-106.57,31.83
-106.57,31.84
-106.57,31.85
-106.56,31.82
-106.56,31.83
-106.55,31.81
-106.55,31.82
-106.54,31.81
-106.53,31.81
-106.52,31.77
-106.52,31.78
-106.52,31.79
-106.52,31.8
-106.52,31.81
-106.51,31.76
-106.51,31.77
-106.51,31.78
-106.5,31.76
-106.49,31.76
-106.48,31.76
-106.48,31.77
-106.47,31.77
-106.47,31.78
-106.46,31.78
-106.45,31.78
-106.44,31.78
-106.43,31.78
-106.42,31.78
-106.41,31.78
-106.4,31.78
-106.39,31.78
-106.38,31.77
-106.37,31.76
-106.37,31.77
-106.36,31.76
-106.35,31.75
-106.35,31.76
-106.34,31.75
-106.33,31.74
-106.33,31.75
-106.32,31.73
-106.32,31.74
-106.31,31.72
-106.31,31.73
-106.3,31.71
-106.3,31.72
-106.29,31.7
-106.29,31.71
-106.28,31.7
-106.27,31.68
-106.27,31.69
-106.26,31.68
-106.25,31.67
-106.24,31.65
-106.24,31.66
-106.24,31.67
-106.23,31.64
-106.23,31.65
-106.22,31.63
-106.22,31.64
-106.21,31.62
-106.21,31.63
-106.2,31.6
-106.2,31.61
-106.19,31.59
-106.19,31.6
-106.18,31.58
-106.18,31.59
-106.17,31.56
-106.17,31.57
-106.17,31.58
-106.16,31.55
-106.16,31.56
-106.15,31.54
-106.15,31.55
-106.14,31.52
-106.14,31.53
-106.14,31.54
-106.13,31.51
-106.13,31.52
-106.12,31.5
-106.12,31.51
-106.11,31.5
-106.1,31.49
-106.1,31.5
-106.09,31.49
-106.08,31.48
-106.08,31.49
-106.07,31.48
-106.06,31.47
-106.05,31.46
-106.05,31.47
-106.04,31.45
-106.04,31.46
-106.03,31.44
-106.03,31.45
-106.02,31.43
-106.02,31.44
-106.01,31.43
-106.0,31.42
-106.0,31.43
-105.99,31.42
-105.98,31.41
-105.98,31.42
-105.97,31.4
-105.97,31.41
-105.96,31.4
-105.95,31.39
-105.95,31.4
-105.94,31.39
-105.93,31.38
-105.93,31.39
-105.92,31.37
-105.92,31.38
-105.91,31.36
-105.91,31.37
-105.9,31.35
-105.9,31.36
-105.89,31.34
-105.89,31.35
-105.88,31.33
-105.88,31.34
-105.87,31.32
-105.86,31.31
-105.86,31.32
-105.85,31.31
-105.84,31.3
-105.84,31.31
-105.83,31.3
-105.82,31.29
-105.81,31.28
-105.81,31.29
-105.8,31.27
-105.8,31.28
-105.79,31.24
-105.79,31.25
-105.79,31.26
-105.79,31.27
-105.78,31.23
-105.78,31.24
-105.77,31.23
-105.76,31.21
-105.76,31.22
-105.75,31.2
-105.75,31.21
-105.74,31.2
-105.73,31.19
-105.73,31.2
-105.72,31.18
-105.72,31.19
-105.71,31.18
-105.7,31.18
-105.69,31.17
-105.69,31.18
-105.68,31.17
-105.67,31.17
-105.66,31.17
-105.65,31.17
-105.64,31.18
-105.63,31.18
-105.62,31.18
-105.62,31.19
-105.61,31.19
-105.59,31.2
-105.58,31.2
-105.57,31.2
-105.56,31.2
-105.55,31.19
-105.55,31.2
-105.54,31.19
-105.54,31.2
-105.53,31.19
-105.53,31.2
-105.52,31.2
-105.51,31.2
-105.51,31.21
-105.5,31.21
-105.49,31.21
-105.49,31.22
-105.48,31.21
-105.48,31.22
-105.47,31.21
-105.46,31.2
-105.45,31.2
-105.44,31.19
-105.44,31.2
-105.43,31.19
-105.42,31.19
-105.41,31.19
-105.39,31.18
-105.38,31.18
-105.37,31.17
-105.37,31.18
-105.36,31.17
-105.35,31.17
-105.34,31.17
-105.33,31.17
-105.32,31.16
-105.31,31.16
-105.28,31.15
-105.27,31.15
-105.26,31.15
-105.25,31.14
-105.24,31.14
-105.23,31.14
-105.22,31.13
-105.22,31.14
-105.21,31.13
-105.2,31.13
-105.19,31.13
-105.18,31.12
-105.17,31.12
-105.16,31.12
-105.15,31.11
-105.14,31.11
-105.13,31.11
-105.12,31.11
-105.11,31.1
-105.1,31.1
-105.09,31.1
-105.08,31.1
-105.07,31.09
-105.05,31.09
-105.04,31.08
-105.04,31.09
-105.03,31.08
-105.02,31.08
-105.01,31.07
-105.0,31.07
-104.99,31.06
-104.99,31.07
-104.98,31.06
-104.97,31.06
-104.96,31.05
-104.96,31.06
-104.95,31.05
-104.95,31.06
-104.94,31.05
-104.93,31.05
-104.92,31.04
-104.92,31.05
-104.91,31.04
-104.9,31.04
-104.89,31.04
-104.88,31.04
-104.87,31.04
-104.86,31.04
-104.85,31.04
-104.84,31.04
-104.83,31.04
-104.82,31.04
-104.81,31.04
-104.8,31.04
-104.79,31.04
-104.78,31.04
-104.77,31.04
-104.77,31.05
-104.76,31.04
-104.75,31.04
-104.74,31.04
-104.73,31.04
-104.72,31.04
-104.71,31.04
-104.71,31.05
-104.7,31.05
-104.69,31.05
-104.68,31.05
-104.67,31.05
-104.66,31.05
-104.63,31.05
-104.62,31.05
-104.61,31.05
-104.6,31.05
-104.58,31.06
-104.56,31.06
-104.53,31.06
-104.51,31.06
-104.5,31.06
-104.49,31.06
-104.48,31.07
-104.47,31.07
-104.44,31.07
-104.43,31.07
-104.42,31.07
-104.41,31.07
-104.4,31.07
-104.39,31.07
-104.38,31.07
-104.36,31.07
-104.35,31.07
-104.34,31.07
-104.33,31.07
-104.32,31.06
-104.32,31.07
-104.31,31.06
-104.31,31.07
-104.3,31.06
-104.3,31.07
-104.29,31.06
-104.28,31.06
-104.27,31.06
-104.26,31.06
-104.26,31.07
-104.25,31.07
-104.24,31.07
-104.23,31.07
-104.22,31.07
-104.21,31.07
-104.2,31.06
-104.19,31.06
-104.18,31.06
-104.17,31.06
-104.16,31.06
-104.15,31.06
-104.15,31.07
-104.14,31.07
-104.13,31.07
-104.12,31.07
-104.12,31.08
-104.11,31.08
-104.1,31.08
-104.09,31.08
-104.08,31.08
-104.07,31.08
-104.07,31.09
-104.06,31.08
-104.06,31.09
-104.05,31.09
-104.04,31.09
-104.03,31.08
-104.03,31.09
-104.02,31.08
-104.01,31.07
-104.01,31.08
-104.0,31.07
-103.99,31.06
-103.99,31.07
-103.98,31.05
-103.98,31.06
-103.97,31.05
-103.96,31.05
-103.95,31.05
-103.94,31.04
-103.94,31.05
-103.93,31.04
-103.92,31.04
-103.91,31.03
-103.9,31.03
-103.89,31.02
-103.89,31.03
-103.88,31.02
-103.87,31.02
-103.86,31.01
-103.85,31.01
-103.84,31.01
-103.83,31.01
-103.82,31.01
-103.8,31.01
-103.79,31.01
-103.78,31.01
-103.77,31.01
-103.76,31.01
-103.75,31.01
-103.74,31.01
-103.73,31.01
-103.72,31.0
-103.72,31.01
-103.71,31.0
-103.7,31.0
-103.69,31.0
-103.68,31.0
-103.67,30.99
-103.67,31.0
-103.66,30.99
-103.65,30.99
-103.64,30.99
-103.63,30.99
-103.62,30.99
-103.61,30.98
-103.6,30.98
-103.59,30.98
-103.57,30.98
-103.56,30.98
-103.55,30.97
-103.55,30.98
-103.53,30.97
-103.52,30.97
-103.51,30.97
-103.5,30.97
-103.49,30.97
-103.48,30.96
-103.48,30.97
-103.47,30.96
-103.46,30.96
-103.45,30.96
-103.43,30.95
-103.42,30.95
-103.41,30.95
-103.4,30.95
-103.39,30.95
-103.38,30.95
-103.37,30.95
-103.36,30.95
-103.35,30.94
-103.34,30.94
-103.33,30.94
-103.32,30.94
-103.31,30.94
-103.3,30.94
-103.29,30.93
-103.29,30.94
-103.28,30.93
-103.27,30.93
-103.26,30.93
-103.25,30.93
-103.24,30.93
-103.23,30.93
-103.22,30.92
-103.22,30.93
-103.21,30.92
-103.2,30.92
-103.19,30.92
-103.18,30.92
-103.17,30.92
-103.16,30.92
-103.15,30.91
-103.15,30.92
-103.14,30.91
-103.13,30.91
-103.12,30.91
-103.11,30.91
-103.1,30.91
-103.09,30.9
-103.09,30.91
-103.08,30.9
-103.07,30.9
-103.06,30.9
-103.05,30.9
-103.04,30.9
-103.03,30.9
-103.02,30.9
-103.01,30.9
-103.0,30.9
-102.99,30.9
-102.98,30.9
-102.97,30.9
-102.96,30.9
-102.95,30.89
-102.95,30.9
-102.94,30.89
-102.93,30.89
-102.92,30.89
-102.92,30.9
-102.91,30.9
-102.9,30.9
-102.9,30.91
-102.89,30.91
-102.88,30.91
-102.87,30.9
-102.87,30.91
-102.86,30.9
-102.85,30.89
-102.85,30.9
-102.84,30.89
-102.83,30.89
-102.82,30.89
-102.81,30.89
-102.8,30.89
-102.79,30.89
-102.78,30.89
-102.77,30.89
-102.76,30.89
-102.75,30.89
-102.74,30.89
-102.73,30.89
-102.72,30.89
-102.71,30.89
-102.7,30.89
-102.69,30.88
-102.69,30.89
-102.68,30.88
-102.67,30.88
-102.66,30.88
-102.65,30.88
-102.64,30.88
-102.63,30.87
-102.63,30.88
-102.62,30.87
-102.61,30.87
-102.6,30.87
-102.59,30.86
-102.59,30.87
-102.58,30.86
-102.57,30.86
-102.56,30.86
-102.55,30.86
-102.54,30.86
-102.53,30.86
-102.52,30.86
-102.51,30.86
-102.51,30.87
-102.5,30.87
-102.49,30.87
-102.48,30.87
-102.47,30.87
-102.47,30.88
-102.46,30.88
-102.45,30.88
-102.44,30.88
-102.44,30.89
-102.43,30.89
-102.42,30.89
-102.41,30.89
-102.4,30.89
-102.39,30.89
-102.38,30.89
-102.37,30.89
-102.37,30.9
-102.36,30.9
-102.35,30.9
-102.34,30.89
-102.34,30.9
-102.33,30.89
-102.32,30.89
-102.31,30.88
-102.31,30.89
-102.3,30.88
-102.3,30.89
-102.29,30.88
-102.29,30.89
-102.28,30.89
-102.27,30.89
-102.26,30.89
-102.25,30.89
-102.24,30.89
-102.23,30.89
-102.22,30.89
-102.21,30.89
-102.2,30.89
-102.19,30.89
-102.18,30.89
-102.17,30.89
-102.16,30.89
-102.15,30.89
-102.14,30.88
-102.14,30.89
-102.13,30.88
-102.12,30.88
-102.11,30.87
-102.11,30.88
-102.1,30.87
-102.09,30.86
-102.09,30.87
-102.08,30.86
-102.07,30.85
-102.07,30.86
-102.06,30.85
-102.05,30.84
-102.05,30.85
-102.04,30.84
-102.03,30.83
-102.03,30.84
-102.02,30.83
-102.01,30.82
-102.01,30.83
-102.0,30.81
-102.0,30.82
-101.99,30.81
-101.98,30.8
-101.98,30.81
-101.97,30.79
-101.97,30.8
-101.96,30.78
-101.96,30.79
-101.95,30.77
-101.95,30.78
-101.94,30.77
-101.93,30.76
-101.92,30.76
-101.91,30.75
-101.91,30.76
-101.9,30.75
-101.89,30.75
-101.88,30.74
-101.88,30.75
-101.87,30.74
-101.86,30.74
-101.85,30.74
-101.84,30.73
-101.84,30.74
-101.83,30.73
-101.82,30.72
-101.82,30.73
-101.81,30.72
-101.8,30.71
-101.8,30.72
-101.79,30.71
-101.79,30.72
-101.78,30.72
-101.77,30.72
-101.76,30.72
-101.75,30.72
-101.75,30.73
-101.74,30.73
-101.73,30.73
-101.73,30.74
-101.72,30.74
-101.71,30.74
-101.71,30.75
-101.7,30.75
-101.69,30.74
-101.69,30.75
-101.68,30.74
-101.67,30.74
-101.66,30.74
-101.65,30.74
-101.64,30.73
-101.64,30.74
-101.63,30.73
-101.62,30.73
-101.62,30.74
-101.61,30.73
-101.61,30.74
-101.6,30.73
-101.59,30.73
-101.58,30.73
-101.57,30.73
-101.56,30.73
-101.55,30.73
-101.54,30.72
-101.54,30.73
-101.53,30.71
-101.53,30.72
-101.53,30.73
-101.52,30.71
-101.51,30.7
-101.51,30.71
-101.5,30.7
-101.49,30.7
-101.48,30.7
-101.47,30.7
-101.46,30.69
-101.46,30.7
-101.45,30.69
-101.44,30.69
-101.43,30.69
-101.42,30.69
-101.41,30.69
-101.4,30.69
-101.39,30.69
-101.38,30.69
-101.37,30.68
-101.37,30.69
-101.36,30.68
-101.35,30.68
-101.34,30.68
-101.33,30.68
-101.32,30.68
-101.31,30.68
-101.3,30.68
-101.3,30.69
-101.29,30.69
-101.28,30.69
-101.27,30.69
-101.26,30.69
-101.26,30.7
-101.25,30.7
-101.24,30.7
-101.23,30.7
-101.22,30.7
-101.21,30.7
-101.21,30.71
-101.2,30.71
-101.19,30.71
-101.18,30.71
-101.17,30.71
-101.16,30.71
-101.15,30.71
-101.14,30.71
-101.13,30.7
-101.12,30.7
-101.11,30.7
-101.1,30.7
-101.09,30.69
-101.09,30.7
-101.08,30.69
-101.07,30.69
-101.06,30.69
-101.05,30.68
-101.05,30.69
-101.04,30.68
-101.03,30.68
-101.02,30.68
-101.01,30.67
-101.01,30.68
-101.0,30.67
-100.99,30.67
-100.98,30.67
-100.97,30.66
-100.97,30.67
-100.96,30.66
-100.95,30.66
-100.94,30.66
-100.93,30.65
-100.93,30.66
-100.92,30.65
-100.91,30.65
-100.9,30.64
-100.9,30.65
-100.89,30.64
-100.88,30.64
-100.87,30.63
-100.87,30.64
-100.86,30.63
-100.85,30.62
-100.85,30.63
-100.84,30.62
-100.83,30.62
-100.82,30.62
-100.81,30.62
-100.8,30.62
-100.79,30.62
-100.78,30.62
-100.77,30.62
-100.76,30.62
-100.75,30.62
-100.74,30.61
-100.74,30.62
-100.73,30.61
-100.72,30.6
-100.72,30.61
-100.71,30.6
-100.7,30.59
-100.7,30.6
-100.69,30.59
-100.68,30.59
-100.67,30.59
-100.66,30.58
-100.66,30.59
-100.65,30.58
-100.64,30.58
-100.63,30.58
-100.62,30.58
-100.61,30.57
-100.61,30.58
-100.6,30.57
-100.59,30.57
-100.58,30.57
-100.57,30.57
-100.56,30.57
-100.55,30.57
-100.54,30.57
-100.53,30.56
-100.53,30.57
-100.52,30.56
-100.51,30.56
-100.5,30.55
-100.5,30.56
-100.49,30.55
-100.48,30.55
-100.47,30.54
-100.47,30.55
-100.46,30.54
-100.45,30.54
-100.44,30.53
-100.44,30.54
-100.43,30.53
-100.42,30.52
-100.42,30.53
-100.41,30.52
-100.4,30.51
-100.4,30.52
-100.39,30.51
-100.38,30.5
-100.38,30.51
-100.37,30.5
-100.36,30.49
-100.36,30.5
-100.35,30.49
-100.34,30.49
-100.33,30.48
-100.32,30.48
-100.31,30.47
-100.31,30.48
-100.3,30.47
-100.29,30.46
-100.29,30.47
-100.28,30.46
-100.27,30.45
-100.27,30.46
-100.26,30.45
-100.25,30.45
-100.24,30.45
-100.23,30.44
-100.23,30.45
-100.22,30.44
-100.21,30.44
-100.2,30.44
-100.2,30.45
-100.19,30.45
-100.18,30.45
-100.17,30.45
-100.16,30.45
-100.16,30.46
-100.15,30.46
-100.14,30.46
-100.13,30.46
-100.13,30.47
-100.12,30.47
-100.11,30.47
-100.1,30.47
-100.1,30.48
-100.09,30.48
-100.08,30.48
-100.07,30.48
-100.06,30.48
-100.05,30.48
-100.04,30.48
-100.04,30.49
-100.03,30.49
-100.02,30.49
-100.02,30.5
-100.01,30.5
-100.0,30.49
-100.0,30.5
-99.99,30.49
-99.99,30.5
-99.98,30.5
-99.97,30.5
-99.96,30.5
-99.95,30.5
-99.94,30.5
-99.93,30.5
-99.92,30.5
-99.92,30.51
-99.91,30.51
-99.91,30.52
-99.9,30.52
-99.89,30.52
-99.88,30.52
-99.87,30.52
-99.86,30.53
-99.85,30.53
-99.84,30.53
-99.83,30.52
-99.82,30.52
-99.81,30.52
-99.8,30.52
-99.79,30.51
-99.79,30.52
-99.78,30.51
-99.77,30.5
-99.77,30.51
-99.76,30.5
-99.75,30.49
-99.75,30.5
-99.74,30.47
-99.74,30.48
-99.74,30.49
-99.73,30.46
-99.73,30.47
-99.73,30.48
-99.72,30.44
-99.72,30.45
-99.72,30.46
-99.71,30.43
-99.71,30.44
-99.7,30.43
-99.69,30.43
-99.68,30.42
-99.68,30.43
-99.67,30.41
-99.67,30.42
-99.66,30.4
-99.66,30.41
-99.65,30.4
-99.64,30.4
-99.63,30.4
-99.62,30.39
-99.62,30.4
-99.61,30.37
-99.61,30.38
-99.61,30.39
-99.6,30.36
-99.6,30.37
-99.59,30.34
-99.59,30.35
-99.59,30.36
-99.58,30.33
-99.58,30.34
-99.57,30.32
-99.57,30.33
-99.56,30.31
-99.55,30.3
-99.55,30.31
-99.54,30.29
-99.54,30.3
-99.53,30.29
-99.52,30.29
-99.51,30.28
-99.5,30.27
-99.5,30.28
-99.49,30.27
-99.48,30.26
-99.48,30.27
-99.47,30.26
-99.46,30.25
-99.46,30.26
-99.45,30.25
-99.44,30.24
-99.44,30.25
-99.43,30.23
-99.43,30.24
-99.42,30.22
-99.42,30.23
-99.41,30.22
-99.4,30.21
-99.4,30.22
-99.39,30.21
-99.38,30.2
-99.38,30.21
-99.37,30.2
-99.36,30.2
-99.35,30.19
-99.35,30.2
-99.34,30.19
-99.33,30.19
-99.32,30.19
-99.31,30.18
-99.31,30.19
-99.3,30.18
-99.29,30.18
-99.28,30.18
-99.27,30.17
-99.27,30.18
-99.26,30.17
-99.25,30.17
-99.24,30.15
-99.24,30.16
-99.24,30.17
-99.23,30.13
-99.23,30.14
-99.23,30.15
-99.22,30.13
-99.21,30.12
-99.2,30.11
-99.2,30.12
-99.19,30.11
-99.18,30.1
-99.18,30.11
-99.17,30.09
-99.17,30.1
-99.16,30.09
-99.15,30.08
-99.15,30.09
-99.14,30.07
-99.14,30.08
-99.13,30.07
-99.12,30.07
-99.11,30.07
-99.1,30.07
-99.09,30.07
-99.08,30.07
-99.07,30.07
-99.06,30.07
-99.05,30.06
-99.05,30.07
-99.04,30.05
-99.04,30.06
-99.03,30.05
-99.02,30.05
-99.01,30.05
-99.0,30.05
-98.99,30.04
-98.98,30.03
-98.98,30.04
-98.97,30.02
-98.97,30.03
-98.96,30.01
-98.96,30.02
-98.95,30.0
-98.95,30.01
-98.94,30.0
-98.93,29.99
-98.92,29.98
-98.92,29.99
-98.91,29.98
-98.9,29.97
-98.9,29.98
-98.89,29.95
-98.89,29.96
-98.89,29.97
-98.88,29.95
-98.87,29.94
-98.87,29.95
-98.86,29.93
-98.85,29.92
-98.84,29.92
-98.83,29.91
-98.83,29.92
-98.82,29.89
-98.82,29.9
-98.82,29.91
-98.81,29.88
-98.81,29.89
-98.8,29.87
-98.8,29.88
-98.79,29.85
-98.79,29.86
-98.79,29.87
-98.78,29.84
-98.78,29.85
-98.77,29.83
-98.77,29.84
-98.76,29.82
-98.76,29.83
-98.75,29.79
-98.75,29.8
-98.75,29.81
-98.75,29.82
-98.74,29.78
-98.74,29.79
-98.73,29.77
-98.73,29.78
-98.72,29.76
-98.72,29.77
-98.71,29.75
-98.71,29.76
-98.7,29.75
-98.69,29.74
-98.68,29.73
-98.68,29.74
-98.67,29.72
-98.67,29.73
-98.66,29.7
-98.66,29.71
-98.66,29.72
-98.65,29.69
-98.65,29.7
-98.64,29.67
-98.64,29.68
-98.63,29.65
-98.63,29.66
-98.63,29.67
-98.62,29.64
-98.62,29.65
-98.61,29.61
-98.61,29.62
-98.61,29.63
-98.61,29.64
-98.6,29.58
-98.6,29.59
-98.6,29.6
-98.6,29.61
-98.59,29.55
-98.59,29.56
-98.59,29.57
-98.59,29.58
-98.58,29.54
-98.58,29.55
-98.57,29.53
-98.57,29.54
-98.56,29.52
-98.56,29.53
-98.55,29.49
-98.55,29.5
-98.55,29.51
-98.55,29.52
-98.54,29.48
-98.54,29.49
-98.53,29.48
-98.52,29.44
-98.52,29.45
-98.52,29.46
-98.52,29.47
-98.52,29.48
-98.51,29.4
-98.51,29.41
-98.51,29.44
-98.51,29.45
-98.5,29.4
-98.5,29.41
-98.5,29.42
-98.5,29.43
-98.5,29.44
-98.49,29.39
-98.49,29.4
-98.48,29.39
-98.48,29.4
-98.47,29.4
-98.46,29.4
-98.45,29.4
-98.44,29.4
-98.44,29.41
-98.43,29.41
-98.43,29.42
-98.42,29.42
-98.42,29.43
-98.41,29.43
-98.4,29.43
-98.39,29.43
-98.39,29.44
-98.38,29.44
-98.37,29.44
-98.36,29.44
-98.36,29.45
-98.35,29.45
-98.34,29.45
-98.33,29.45
-98.33,29.46
-98.32,29.46
-98.31,29.46
-98.3,29.46
-98.29,29.47
-98.28,29.47
-98.27,29.47
-98.26,29.47
-98.26,29.48
-98.25,29.48
-98.24,29.48
-98.23,29.48
-98.23,29.49
-98.22,29.49
-98.21,29.49
-98.2,29.5
-98.19,29.5
-98.18,29.5
-98.17,29.51
-98.16,29.51
-98.15,29.51
-98.15,29.52
-98.14,29.52
-98.13,29.52
-98.12,29.52
-98.12,29.53
-98.11,29.53
-98.1,29.53
-98.09,29.53
-98.09,29.54
-98.08,29.54
-98.07,29.54
-98.06,29.54
-98.06,29.55
-98.05,29.55
-98.04,29.55
-98.04,29.56
-98.03,29.56
-98.03,29.57
-98.02,29.57
-98.01,29.57
-98.01,29.58
-98.0,29.58
-97.99,29.58
-97.99,29.59
-97.98,29.59
-97.98,29.6
-97.97,29.6
-97.96,29.6
-97.95,29.6
-97.94,29.6
-97.93,29.6
-97.92,29.6
-97.91,29.6
-97.9,29.6
-97.89,29.6
-97.89,29.61
-97.88,29.61
-97.87,29.61
-97.86,29.61
-97.85,29.61
-97.84,29.61
-97.83,29.61
-97.83,29.62
-97.82,29.61
-97.82,29.62
-97.81,29.61
-97.81,29.62
-97.8,29.62
-97.79,29.62
-97.78,29.62
-97.77,29.62
-97.77,29.63
-97.76,29.63
-97.75,29.63
-97.74,29.63
-97.73,29.63
-97.73,29.64
-97.72,29.64
-97.71,29.64
-97.7,29.64
-97.7,29.65
-97.69,29.65
-97.68,29.65
-97.67,29.65
-97.66,29.65
-97.65,29.65
-97.64,29.65
-97.63,29.65
-97.62,29.65
-97.61,29.65
-97.6,29.65
-97.59,29.65
-97.58,29.65
-97.56,29.65
-97.55,29.65
-97.54,29.65
-97.53,29.65
-97.52,29.65
-97.51,29.65
-97.5,29.65
-97.49,29.65
-97.48,29.65
-97.47,29.65
-97.45,29.65
-97.45,29.66
-97.44,29.66
-97.43,29.66
-97.42,29.66
-97.41,29.66
-97.4,29.66
-97.39,29.66
-97.38,29.66
-97.37,29.66
-97.36,29.66
-97.35,29.66
-97.35,29.67
-97.34,29.67
-97.33,29.67
-97.32,29.67
-97.31,29.67
-97.3,29.67
-97.29,29.67
-97.28,29.67
-97.28,29.68
-97.27,29.68
-97.26,29.68
-97.26,29.69
-97.25,29.69
-97.24,29.69
-97.23,29.69
-97.22,29.69
-97.21,29.69
-97.2,29.69
-97.19,29.69
-97.18,29.69
-97.17,29.69
-97.16,29.69
-97.15,29.69
-97.15,29.7
-97.14,29.7
-97.13,29.7
-97.12,29.7
-97.11,29.7
-97.1,29.7
-97.09,29.7
-97.08,29.7
-97.07,29.7
-97.06,29.7
-97.05,29.7
-97.04,29.7
-97.03,29.69
-97.03,29.7
-97.02,29.69
-97.01,29.69
-97.0,29.69
-96.99,29.69
-96.98,29.69
-96.97,29.69
-96.96,29.69
-96.95,29.69
-96.94,29.69
-96.93,29.69
-96.92,29.69
-96.91,29.69
-96.9,29.69
-96.89,29.7
-96.88,29.7
-96.87,29.7
-96.86,29.7
-96.85,29.69
-96.85,29.7
-96.84,29.69
-96.83,29.69
-96.82,29.69
-96.81,29.69
-96.8,29.69
-96.79,29.69
-96.78,29.69
-96.77,29.69
-96.76,29.69
-96.75,29.69
-96.74,29.69
-96.73,29.69
-96.72,29.69
-96.71,29.69
-96.7,29.69
-96.69,29.69
-96.68,29.69
-96.67,29.69
-96.66,29.69
-96.65,29.69
-96.64,29.69
-96.63,29.69
-96.62,29.69
-96.61,29.69
-96.6,29.69
-96.59,29.69
-96.58,29.69
-96.57,29.69
-96.56,29.69
-96.55,29.69
-96.54,29.69
-96.53,29.69
-96.53,29.7
-96.52,29.7
-96.51,29.7
-96.51,29.71
-96.5,29.71
-96.49,29.71
-96.48,29.71
-96.47,29.71
-96.47,29.72
-96.46,29.72
-96.45,29.72
-96.44,29.72
-96.43,29.72
-96.42,29.72
-96.41,29.72
-96.41,29.73
-96.4,29.73
-96.39,29.73
-96.38,29.73
-96.37,29.73
-96.36,29.73
-96.36,29.74
-96.34,29.74
-96.33,29.74
-96.32,29.74
-96.31,29.75
-96.3,29.75
-96.29,29.75
-96.28,29.75
-96.27,29.75
-96.26,29.75
-96.25,29.75
-96.25,29.76
-96.24,29.76
-96.23,29.76
-96.22,29.76
-96.21,29.76
-96.2,29.76
-96.19,29.76
-96.18,29.76
-96.17,29.76
-96.16,29.76
-96.15,29.76
-96.15,29.77
-96.14,29.77
-96.13,29.77
-96.13,29.78
-96.12,29.78
-96.11,29.78
-96.1,29.78
-96.09,29.77
-96.09,29.78
-96.08,29.77
-96.07,29.77
-96.06,29.77
-96.05,29.77
-96.04,29.77
-96.03,29.77
-96.02,29.77
-96.02,29.78
-96.01,29.78
-96.0,29.78
-95.99,29.78
-95.98,29.78
-95.97,29.78
-95.96,29.78
-95.95,29.78
-95.94,29.78
-95.93,29.78
-95.92,29.78
-95.91,29.78
-95.9,29.78
-95.89,29.78
-95.88,29.78
-95.87,29.78
-95.86,29.78
-95.85,29.78
-95.84,29.78
-95.83,29.78
-95.82,29.78
-95.81,29.78
-95.81,29.79
-95.8,29.79
-95.79,29.79
-95.78,29.79
-95.77,29.79
-95.76,29.79
-95.75,29.79
-95.74,29.79
-95.73,29.79
-95.72,29.78
-95.72,29.79
-95.71,29.78
-95.71,29.79
-95.7,29.78
-95.7,29.79
-95.69,29.78
-95.69,29.79
-95.68,29.78
-95.68,29.79
-95.67,29.78
-95.67,29.79
-95.66,29.78
-95.66,29.79
-95.65,29.78
-95.65,29.79
-95.64,29.78
-95.64,29.79
-95.63,29.78
-95.63,29.79
-95.62,29.78
-95.62,29.79
-95.61,29.78
-95.6,29.78
-95.59,29.78
-95.58,29.78
-95.57,29.78
-95.56,29.78
-95.55,29.78
-95.54,29.78
-95.53,29.78
-95.52,29.78
-95.51,29.78
-95.5,29.78
-95.49,29.78
-95.48,29.78
-95.47,29.78
-95.46,29.78
-95.45,29.78
-95.44,29.78
-95.43,29.78
-95.42,29.78
-95.41,29.78
-95.4,29.78
-95.39,29.78
-95.38,29.78
-95.37,29.77
-95.37,29.78
-95.36,29.77
-95.35,29.77
-95.34,29.77
-95.33,29.77
-95.32,29.77
-95.31,29.77
-95.3,29.77
-95.3,29.78
-95.29,29.78
-95.28,29.78
-95.27,29.78
-95.26,29.77
-95.26,29.78
-95.25,29.77
-95.24,29.77
-95.23,29.77
-95.22,29.77
-95.21,29.77
-95.2,29.77
-95.19,29.77
-95.18,29.77
-95.17,29.77
-95.16,29.77
-95.15,29.77
-95.14,29.77
-95.14,29.78
-95.13,29.78
-95.12,29.78
-95.11,29.78
-95.11,29.79
-95.1,29.79
-95.09,29.79
-95.08,29.79
-95.07,29.79
-95.07,29.8
-95.06,29.79
-95.05,29.79
-95.04,29.79
-95.04,29.8
-95.03,29.8
-95.02,29.8
-95.01,29.8
-95.0,29.8
-94.99,29.8
-94.98,29.8
-94.98,29.81
-94.97,29.81
-94.96,29.81
-94.95,29.81
-94.94,29.81
-94.93,29.81
-94.93,29.82
-94.92,29.82
-94.91,29.82
-94.9,29.82
-94.89,29.82
-94.88,29.82
-94.87,29.82
-94.86,29.82
-94.86,29.83
-94.85,29.83
-94.84,29.83
-94.83,29.83
-94.82,29.83
-94.81,29.83
-94.8,29.83
-94.79,29.83
-94.78,29.83
-94.78,29.84
-94.77,29.84
-94.76,29.84
-94.75,29.84
-94.74,29.84
-94.73,29.84
-94.72,29.84
-94.71,29.84
-94.7,29.84
-94.69,29.84
-94.68,29.84
-94.67,29.84
-94.66,29.84
-94.65,29.84
-94.64,29.84
-94.63,29.84
-94.62,29.84
-94.61,29.84
-94.6,29.84
-94.59,29.84
-94.58,29.84
-94.57,29.84
-94.56,29.84
-94.55,29.83
-94.55,29.84
-94.54,29.83
-94.53,29.83
-94.52,29.83
-94.51,29.83
-94.5,29.83
-94.49,29.83
-94.48,29.83
-94.47,29.83
-94.46,29.83
-94.45,29.83
-94.44,29.83
-94.43,29.83
-94.42,29.83
-94.41,29.83
-94.4,29.83
-94.39,29.83
-94.38,29.83
-94.38,29.84
-94.37,29.84
-94.37,29.85
-94.36,29.85
-94.36,29.86
-94.35,29.86
-94.35,29.87
-94.34,29.87
-94.34,29.88
-94.33,29.88
-94.32,29.89
-94.31,29.89
-94.31,29.9
-94.3,29.9
-94.3,29.91
-94.29,29.91
-94.28,29.92
-94.28,29.93
-94.27,29.93
-94.26,29.93
-94.26,29.94
-94.25,29.95
-94.24,29.95
-94.24,29.96
-94.23,29.96
-94.23,29.97
-94.22,29.97
-94.21,29.98
-94.21,29.99
-94.2,29.99
-94.2,30.0
-94.19,30.0
-94.19,30.01
-94.18,30.01
-94.18,30.02
-94.17,30.02
-94.17,30.03
-94.16,30.03
-94.16,30.04
-94.15,30.04
-94.15,30.05
-94.14,30.05
-94.14,30.06
-94.14,30.07
-94.14,30.08
-94.14,30.09
-94.13,30.06
-94.13,30.07
-94.13,30.09
-94.13,30.1
-94.12,30.1
-94.11,30.1
-94.1,30.09
-94.1,30.1
-94.09,30.09
-94.08,30.09
-94.08,30.1
-94.07,30.1
-94.06,30.1
-94.06,30.11
-94.05,30.11
-94.04,30.11
-94.04,30.12
-94.03,30.12
-94.03,30.13
-94.02,30.13
-94.01,30.13
-94.01,30.14
-94.0,30.13
-94.0,30.14
-93.99,30.13
-93.98,30.13
-93.97,30.13
-93.96,30.13
-93.95,30.13
-93.94,30.13
-93.93,30.13
-93.92,30.13
-93.91,30.13
-93.9,30.13
-93.89,30.13
-93.88,30.13
-93.87,30.13
-93.86,30.13
-93.85,30.12
-93.85,30.13
-93.84,30.12
-93.83,30.12
-93.82,30.11
-93.82,30.12
-93.81,30.11
-93.8,30.11
-93.8,30.12
-93.79,30.12
-93.78,30.12
-93.77,30.12
-93.76,30.12
-93.75,30.12
-93.74,30.12
-93.73,30.12
-93.72,30.12
-93.71,30.12
-93.71,30.13
-93.7,30.13
-93.69,30.13
-93.68,30.14
-93.67,30.14
-93.66,30.14
-93.66,30.15
-93.65,30.15
-93.64,30.15
-93.64,30.16
-93.63,30.16
-93.62,30.16
-93.61,30.17
-93.6,30.17
-93.59,30.17
-93.59,30.18
-93.58,30.18
-93.57,30.18
-93.57,30.19
-93.56,30.19
-93.55,30.19
-93.54,30.19
-93.53,30.19
-93.52,30.19
-93.52,30.2
-93.51,30.2
-93.5,30.2
-93.49,30.2
-93.48,30.2
-93.47,30.2
-93.46,30.2
-93.46,30.21
-93.45,30.21
-93.44,30.21
-93.43,30.21
-93.42,30.21
-93.41,30.21
-93.41,30.22
-93.4,30.22
-93.39,30.22
-93.38,30.22
-93.37,30.22
-93.36,30.22
-93.35,30.22
-93.33,30.22
-93.32,30.22
-93.31,30.22
-93.31,30.23
-93.3,30.23
-93.29,30.23
-93.29,30.24
-93.28,30.24
-93.27,30.24
-93.26,30.24
-93.25,30.24
-93.24,30.24
-93.23,30.24
-93.22,30.24
-93.21,30.24
-93.2,30.24
-93.19,30.24
-93.18,30.24
-93.18,30.25
-93.17,30.25
-93.16,30.25
-93.15,30.24
-93.15,30.25
-93.14,30.24
-93.13,30.24
-93.13,30.25
-93.12,30.25
-93.11,30.25
-93.1,30.25
-93.08,30.25
-93.07,30.25
-93.06,30.25
-93.05,30.25
-93.04,30.25
-93.03,30.25
-93.02,30.25
-93.01,30.25
-93.0,30.25
-92.99,30.25
-92.98,30.25
-92.97,30.25
-92.96,30.25
-92.95,30.25
-92.94,30.25
-92.93,30.25
-92.92,30.25
-92.91,30.25
-92.9,30.25
-92.89,30.25
-92.88,30.25
-92.87,30.25
-92.86,30.25
-92.85,30.25
-92.84,30.25
-92.83,30.25
-92.82,30.25
-92.81,30.25
-92.8,30.25
-92.79,30.25
-92.78,30.25
-92.77,30.25
-92.76,30.25
-92.75,30.25
-92.74,30.25
-92.73,30.25
-92.72,30.25
-92.71,30.25
-92.7,30.25
-92.69,30.25
-92.68,30.25
-92.67,30.25
-92.66,30.25
-92.65,30.25
-92.64,30.24
-92.64,30.25
-92.63,30.24
-92.62,30.24
-92.61,30.24
-92.6,30.24
-92.59,30.24
-92.58,30.24
-92.57,30.24
-92.56,30.24
-92.55,30.23
-92.55,30.24
-92.54,30.23
-92.53,30.23
-92.51,30.23
-92.5,30.23
-92.49,30.23
-92.48,30.23
-92.47,30.23
-92.46,30.23
-92.46,30.24
-92.45,30.24
-92.44,30.24
-92.43,30.24
-92.42,30.24
-92.41,30.24
-92.4,30.24
-92.39,30.24
-92.38,30.24
-92.37,30.24
-92.36,30.24
-92.35,30.24
-92.34,30.24
-92.33,30.24
-92.32,30.24
-92.31,30.24
-92.3,30.25
-92.29,30.25
-92.28,30.25
-92.27,30.25
-92.26,30.25
-92.25,30.25
-92.24,30.25
-92.23,30.25
-92.22,30.25
-92.21,30.25
-92.2,30.25
-92.19,30.25
-92.18,30.25
-92.17,30.25
-92.16,30.25
-92.15,30.25
-92.14,30.25
-92.13,30.25
-92.12,30.25
-92.11,30.25
-92.1,30.25
-92.09,30.25
-92.08,30.25
-92.07,30.25
-92.06,30.25
-92.05,30.25
-92.04,30.25
-92.03,30.25
-92.03,30.26
-92.02,30.26
-92.01,30.26
-92.0,30.26
-92.0,30.27
-91.99,30.27
-91.98,30.27
-91.97,30.27
-91.97,30.28
-91.96,30.28
-91.95,30.28
-91.94,30.28
-91.94,30.29
-91.93,30.29
-91.92,30.29
-91.92,30.3
-91.91,30.3
-91.9,30.3
-91.89,30.3
-91.88,30.3
-91.88,30.31
-91.87,30.31
-91.86,30.31
-91.85,30.31
-91.84,30.31
-91.83,30.31
-91.83,30.32
-91.82,30.32
-91.81,30.32
-91.8,30.32
-91.79,30.32
-91.78,30.33
-91.77,30.33
-91.76,30.33
-91.75,30.33
-91.75,30.34
-91.74,30.34
-91.73,30.34
-91.72,30.34
-91.7,30.35
-91.68,30.35
-91.67,30.36
-91.66,30.36
-91.65,30.36
-91.64,30.36
-91.64,30.37
-91.63,30.37
-91.6,30.37
-91.6,30.38
-91.59,30.38
-91.58,30.38
-91.57,30.38
-91.56,30.39
-91.55,30.39
-91.54,30.39
-91.53,30.39
-91.52,30.4
-91.51,30.4
-91.5,30.4
-91.49,30.4
-91.49,30.41
-91.48,30.41
-91.47,30.41
-91.46,30.41
-91.45,30.41
-91.45,30.42
-91.44,30.42
-91.43,30.42
-91.42,30.42
-91.41,30.42
-91.41,30.43
-91.4,30.43
-91.39,30.43
-91.38,30.43
-91.38,30.44
-91.37,30.44
-91.36,30.44
-91.35,30.44
-91.34,30.44
-91.34,30.45
-91.33,30.45
-91.32,30.45
-91.31,30.45
-91.3,30.45
-91.29,30.45
-91.28,30.45
-91.27,30.45
-91.26,30.45
-91.25,30.45
-91.24,30.45
-91.23,30.44
-91.23,30.45
-91.22,30.44
-91.21,30.44
-91.2,30.44
-91.19,30.44
-91.18,30.43
-91.18,30.44
-91.17,30.43
-91.16,30.42
-91.16,30.43
-91.15,30.42
-91.14,30.42
-91.13,30.42
-91.12,30.42
-91.11,30.41
-91.11,30.42
-91.1,30.4
-91.1,30.41
-91.09,30.39
-91.09,30.4
-91.08,30.39
-91.07,30.38
-91.07,30.39
-91.06,30.38
-91.05,30.37
-91.04,30.35
-91.04,30.36
-91.03,30.34
-91.03,30.35
-91.02,30.33
-91.02,30.34
-91.01,30.32
-91.01,30.33
-91.0,30.31
-91.0,30.32
-90.99,30.27
-90.99,30.28
-90.99,30.29
-90.99,30.3
-90.99,30.31
-90.98,30.25
-90.98,30.26
-90.98,30.27
-90.97,30.23
-90.97,30.24
-90.97,30.25
-90.96,30.22
-90.96,30.23
-90.95,30.21
-90.95,30.22
-90.94,30.2
-90.94,30.21
-90.93,30.19
-90.93,30.2
-90.92,30.19
-90.91,30.18
-90.91,30.19
-90.9,30.18
-90.9,30.19
-90.89,30.18
-90.88,30.17
-90.87,30.17
-90.86,30.17
-90.85,30.16
-90.84,30.16
-90.83,30.16
-90.82,30.15
-90.82,30.16
-90.81,30.15
-90.8,30.15
-90.79,30.15
-90.78,30.15
-90.77,30.15
-90.76,30.14
-90.73,30.13
-90.73,30.14
-90.72,30.13
-90.71,30.13
-90.7,30.12
-90.7,30.13
-90.69,30.12
-90.68,30.12
-90.67,30.12
-90.66,30.12
-90.65,30.12
-90.64,30.12
-90.63,30.12
-90.62,30.12
-90.61,30.12
-90.59,30.12
-90.58,30.11
-90.57,30.11
-90.56,30.11
-90.55,30.11
-90.54,30.11
-90.53,30.11
-90.52,30.11
-90.51,30.11
-90.5,30.1
-90.5,30.11
-90.49,30.1
-90.48,30.1
-90.47,30.1
-90.46,30.09
-90.45,30.09
-90.44,30.09
-90.43,30.09
-90.42,30.08
-90.41,30.08
-90.4,30.07
-90.4,30.08
-90.39,30.07
-90.38,30.06
-90.37,30.05
-90.37,30.06
-90.36,30.05
-90.35,30.04
-90.34,30.03
-90.34,30.04
-90.33,30.02
-90.33,30.03
-90.32,30.02
-90.31,30.01
-90.31,30.02
-90.3,30.01
-90.29,30.01
-90.28,30.01
-90.27,30.01
-90.26,30.01
-90.25,30.01
-90.24,30.01
-90.23,30.01
-90.22,30.01
-90.21,30.0
-90.21,30.01
-90.2,30.0
-90.19,30.0
-90.18,30.0
-90.17,30.0
-90.16,30.0
-90.15,30.0
-90.14,30.0
-90.13,30.0
-90.12,29.98
-90.12,29.99
-90.12,30.0
-90.11,29.97
-90.11,29.98
-90.1,29.96
-90.1,29.97
-90.09,29.95
-90.09,29.96
-90.08,29.95
-90.08,29.96
-90.07,29.96
-90.07,29.97
-90.06,29.97
-90.06,29.98
-90.05,29.98
-90.05,29.99
-90.05,30.0
-90.04,30.0
-90.03,30.0
-90.03,30.01
-90.02,30.01
-90.01,30.01
-90.01,30.02
-90.01,30.03
-90.0,30.03
-89.99,30.03
-89.98,30.03
-89.98,30.04
-89.97,30.04
-89.96,30.04
-89.96,30.05
-89.95,30.05
-89.95,30.06
-89.94,30.06
-89.93,30.06
-89.93,30.07
-89.92,30.07
-89.92,30.08
-89.91,30.09
-89.91,30.1
-89.9,30.1
-89.9,30.11
-89.89,30.11
-89.89,30.12
-89.88,30.12
-89.88,30.13
-89.87,30.13
-89.87,30.14
-89.86,30.14
-89.86,30.15
-89.85,30.15
-89.85,30.16
-89.84,30.16
-89.84,30.17
-89.83,30.17
-89.83,30.18
-89.82,30.18
-89.82,30.19
-89.81,30.2
-89.8,30.21
-89.79,30.21
-89.79,30.22
-89.78,30.22
-89.78,30.23
-89.77,30.23
-89.77,30.24
-89.76,30.24
-89.76,30.25
-89.76,30.26
-89.76,30.27
-89.75,30.27
-89.75,30.28
-89.75,30.29
-89.75,30.3
-89.74,30.3
-89.73,30.3
-89.72,30.3
-89.71,30.3
-89.7,30.3
-89.69,30.3
-89.68,30.3
-89.67,30.3
-89.66,30.3
-89.65,30.3
-89.64,30.3
-89.63,30.31
-89.62,30.31
-89.61,30.31
-89.6,30.31
-89.6,30.32
-89.59,30.32
-89.58,30.32
-89.57,30.32
-89.57,30.33
-89.56,30.33
-89.55,30.33
-89.54,30.33
-89.53,30.33
-89.52,30.33
-89.51,30.33
-89.5,30.34
-89.49,30.34
-89.48,30.34
-89.47,30.34
-89.47,30.35
-89.46,30.35
-89.45,30.35
-89.44,30.35
-89.43,30.35
-89.43,30.36
-89.42,30.36
-89.41,30.36
-89.4,30.36
-89.4,30.37
-89.39,30.37
-89.38,30.37
-89.37,30.37
-89.37,30.38
-89.36,30.38
-89.35,30.38
-89.34,30.38
-89.33,30.39
-89.32,30.39
-89.31,30.39
-89.31,30.4
-89.3,30.4
-89.29,30.4
-89.28,30.4
-89.27,30.4
-89.26,30.4
-89.25,30.4
-89.24,30.4
-89.23,30.4
-89.23,30.41
-89.22,30.41
-89.21,30.41
-89.2,30.41
-89.2,30.42
-89.19,30.42
-89.18,30.42
-89.17,30.42
-89.16,30.42
-89.15,30.42
-89.14,30.42
-89.13,30.42
-89.12,30.42
-89.12,30.43
-89.11,30.43
-89.1,30.43
-89.09,30.43
-89.08,30.43
-89.08,30.44
-89.07,30.44
-89.06,30.44
-89.05,30.44
-89.04,30.44
-89.03,30.44
-89.03,30.45
-89.02,30.45
-89.01,30.45
-89.0,30.45
-88.99,30.45
-88.99,30.46
-88.98,30.46
-88.97,30.46
-88.96,30.46
-88.95,30.45
-88.95,30.46
-88.94,30.45
-88.93,30.45
-88.92,30.45
-88.91,30.45
-88.9,30.45
-88.89,30.45
-88.88,30.45
-88.87,30.45
-88.86,30.45
-88.85,30.45
-88.84,30.45
-88.83,30.45
-88.82,30.45
-88.81,30.45
-88.81,30.46
-88.8,30.46
-88.79,30.46
-88.78,30.46
-88.77,30.45
-88.77,30.46
-88.76,30.45
-88.75,30.45
-88.74,30.45
-88.73,30.44
-88.73,30.45
-88.72,30.44
-88.71,30.44
-88.7,30.43
-88.7,30.44
-88.69,30.43
-88.68,30.43
-88.67,30.43
-88.66,30.43
-88.66,30.44
-88.65,30.44
-88.64,30.44
-88.63,30.44
-88.62,30.44
-88.61,30.44
-88.6,30.44
-88.59,30.44
-88.58,30.44
-88.57,30.44
-88.56,30.44
-88.55,30.44
-88.54,30.44
-88.53,30.44
-88.52,30.44
-88.52,30.45
-88.51,30.45
-88.5,30.45
-88.5,30.46
-88.49,30.46
-88.48,30.46
-88.47,30.46
-88.46,30.46
-88.45,30.46
-88.44,30.46
-88.43,30.46
-88.42,30.46
-88.42,30.47
-88.41,30.47
-88.4,30.47
-88.4,30.48
-88.39,30.48
-88.38,30.48
-88.37,30.49
-88.36,30.49
-88.35,30.49
-88.34,30.49
-88.34,30.5
-88.33,30.5
-88.32,30.5
-88.31,30.5
-88.3,30.5
-88.3,30.51
-88.29,30.51
-88.28,30.51
-88.28,30.52
-88.27,30.52
-88.26,30.52
-88.26,30.53
-88.25,30.53
-88.24,30.54
-88.23,30.54
-88.22,30.54
-88.22,30.55
-88.21,30.55
-88.21,30.56
-88.2,30.56
-88.19,30.57
-88.18,30.57
-88.18,30.58
-88.17,30.58
-88.16,30.58
-88.16,30.59
-88.15,30.59
-88.15,30.6
-88.15,30.61
-88.14,30.61
-88.14,30.62
-88.13,30.62
-88.12,30.62
-88.12,30.63
-88.11,30.63
-88.1,30.63
-88.1,30.64
-88.09,30.64
-88.08,30.64
-88.08,30.65
-88.07,30.65
-88.07,30.66
-88.06,30.66
-88.05,30.66
-88.05,30.67
-88.04,30.67
-88.04,30.68
-88.04,30.69
-88.03,30.69
-88.02,30.69
-88.01,30.69
-88.0,30.68
-88.0,30.69
-87.99,30.68
-87.98,30.67
-87.98,30.68
-87.97,30.67
-87.96,30.66
-87.96,30.67
-87.95,30.66
-87.94,30.66
-87.93,30.66
-87.92,30.66
-87.91,30.66
-87.9,30.66
-87.89,30.66
-87.88,30.66
-87.87,30.66
-87.86,30.66
-87.85,30.66
-87.84,30.66
-87.83,30.66
-87.82,30.66
-87.81,30.66
-87.8,30.65
-87.8,30.66
-87.79,30.65
-87.78,30.65
-87.77,30.65
-87.76,30.65
-87.75,30.65
-87.74,30.65
-87.73,30.65
-87.72,30.65
-87.71,30.65
-87.7,30.64
-87.7,30.65
-87.69,30.64
-87.68,30.64
-87.67,30.64
-87.66,30.64
-87.65,30.63
-87.65,30.64
-87.64,30.63
-87.64,30.64
-87.63,30.63
-87.62,30.63
-87.61,30.63
-87.6,30.62
-87.6,30.63
-87.59,30.62
-87.58,30.62
-87.57,30.61
-87.57,30.62
-87.56,30.6
-87.56,30.61
-87.55,30.6
-87.54,30.59
-87.53,30.58
-87.53,30.59
-87.52,30.58
-87.51,30.58
-87.5,30.58
-87.49,30.58
-87.48,30.58
-87.47,30.58
-87.46,30.58
-87.45,30.58
-87.44,30.58
-87.43,30.58
-87.42,30.57
-87.42,30.58
-87.41,30.57
-87.4,30.57
-87.39,30.57
-87.38,30.56
-87.38,30.57
-87.37,30.56
-87.36,30.55
-87.35,30.54
-87.35,30.55
-87.34,30.54
-87.33,30.53
-87.32,30.52
-87.32,30.53
-87.31,30.52
-87.3,30.51
-87.3,30.52
-87.29,30.51
-87.28,30.5
-87.28,30.51
-87.27,30.5
-87.26,30.5
-87.25,30.5
-87.24,30.5
-87.23,30.5
-87.22,30.5
-87.21,30.5
-87.2,30.5
-87.19,30.5
-87.18,30.5
-87.17,30.5
-87.16,30.51
-87.15,30.51
-87.15,30.52
-87.14,30.52
-87.13,30.53
-87.12,30.53
-87.11,30.53
-87.1,30.53
-87.09,30.53
-87.08,30.53
-87.08,30.54
-87.07,30.54
-87.06,30.55
-87.05,30.55
-87.05,30.56
-87.04,30.56
-87.04,30.57
-87.03,30.57
-87.02,30.57
-87.02,30.58
-87.01,30.58
-87.01,30.59
-87.0,30.59
-87.0,30.6
-86.99,30.6
-86.99,30.61
-86.98,30.61
-86.97,30.61
-86.97,30.62
-86.96,30.62
-86.95,30.62
-86.94,30.62
-86.94,30.63
-86.93,30.63
-86.92,30.63
-86.92,30.64
-86.91,30.64
-86.9,30.64
-86.9,30.65
-86.89,30.65
-86.88,30.65
-86.88,30.66
-86.87,30.66
-86.86,30.66
-86.86,30.67
-86.85,30.67
-86.84,30.67
-86.83,30.67
-86.83,30.68
-86.82,30.68
-86.81,30.68
-86.8,30.68
-86.79,30.68
-86.79,30.69
-86.78,30.69
-86.77,30.69
-86.76,30.69
-86.76,30.7
-86.75,30.7
-86.74,30.7
-86.73,30.7
-86.73,30.71
-86.72,30.71
-86.71,30.71
-86.7,30.71
-86.69,30.71
-86.68,30.72
-86.67,30.72
-86.66,30.72
-86.65,30.72
-86.64,30.71
-86.64,30.72
-86.63,30.71
-86.63,30.72
-86.62,30.71
-86.62,30.72
-86.61,30.72
-86.6,30.72
-86.59,30.72
-86.59,30.73
-86.58,30.73
-86.57,30.73
-86.56,30.73
-86.55,30.73
-86.54,30.73
-86.53,30.73
-86.52,30.73
-86.51,30.73
-86.5,30.73
-86.49,30.72
-86.49,30.73
-86.48,30.72
-86.47,30.72
-86.46,30.72
-86.45,30.72
-86.44,30.72
-86.43,30.72
-86.42,30.72
-86.41,30.72
-86.41,30.73
-86.4,30.73
-86.39,30.73
-86.38,30.73
-86.37,30.73
-86.36,30.73
-86.35,30.73
-86.34,30.73
-86.33,30.73
-86.33,30.74
-86.32,30.74
-86.31,30.74
-86.3,30.74
-86.3,30.75
-86.29,30.75
-86.28,30.75
-86.27,30.75
-86.26,30.75
-86.25,30.75
-86.24,30.75
-86.23,30.74
-86.23,30.75
-86.22,30.73
-86.22,30.74
-86.21,30.73
-86.2,30.72
-86.19,30.72
-86.18,30.72
-86.17,30.71
-86.16,30.7
-86.16,30.71
-86.15,30.69
-86.15,30.7
-86.14,30.69
-86.13,30.69
-86.12,30.69
-86.11,30.69
-86.1,30.69
-86.09,30.69
-86.08,30.69
-86.07,30.69
-86.06,30.69
-86.05,30.69
-86.04,30.69
-86.03,30.69
-86.02,30.69
-86.01,30.69
-86.0,30.69
-85.99,30.7
-85.98,30.7
-85.97,30.7
-85.96,30.7
-85.95,30.71
-85.94,30.71
-85.93,30.71
-85.93,30.72
-85.92,30.72
-85.91,30.72
-85.91,30.73
-85.9,30.73
-85.89,30.73
-85.89,30.74
-85.88,30.74
-85.87,30.74
-85.87,30.75
-85.86,30.75
-85.85,30.75
-85.84,30.75
-85.83,30.76
-85.82,30.76
-85.81,30.76
-85.8,30.76
-85.79,30.76
-85.78,30.76
-85.77,30.76
-85.76,30.76
-85.75,30.76
-85.74,30.76
-85.73,30.76
-85.72,30.76
-85.71,30.76
-85.7,30.76
-85.69,30.76
-85.68,30.76
-85.67,30.76
-85.66,30.76
-85.65,30.76
-85.64,30.76
-85.63,30.76
-85.62,30.76
-85.61,30.75
-85.6,30.75
-85.59,30.75
-85.58,30.75
-85.57,30.75
-85.56,30.75
-85.55,30.75
-85.54,30.75
-85.53,30.75
-85.52,30.75
-85.51,30.75
-85.5,30.75
-85.49,30.75
-85.48,30.74
-85.47,30.74
-85.47,30.75
-85.46,30.75
-85.45,30.75
-85.43,30.75
-85.42,30.75
-85.41,30.75
-85.4,30.75
-85.39,30.75
-85.38,30.75
-85.37,30.75
-85.37,30.76
-85.36,30.76
-85.35,30.76
-85.34,30.76
-85.33,30.76
-85.32,30.76
-85.31,30.76
-85.3,30.76
-85.29,30.76
-85.28,30.75
-85.28,30.76
-85.27,30.75
-85.26,30.74
-85.26,30.75
-85.25,30.74
-85.24,30.74
-85.23,30.73
-85.23,30.74
-85.22,30.73
-85.21,30.73
-85.2,30.72
-85.2,30.73
-85.19,30.72
-85.18,30.72
-85.17,30.72
-85.16,30.71
-85.16,30.72
-85.15,30.71
-85.14,30.7
-85.14,30.71
-85.13,30.69
-85.13,30.7
-85.12,30.69
-85.11,30.68
-85.11,30.69
-85.1,30.68
-85.09,30.68
-85.08,30.68
-85.07,30.67
-85.07,30.68
-85.06,30.67
-85.05,30.66
-85.05,30.67
-85.04,30.66
-85.03,30.65
-85.03,30.66
-85.02,30.65
-85.01,30.64
-85.01,30.65
-85.0,30.64
-84.99,30.64
-84.98,30.64
-84.97,30.64
-84.96,30.64
-84.95,30.64
-84.94,30.64
-84.93,30.64
-84.92,30.64
-84.91,30.63
-84.91,30.64
-84.9,30.63
-84.89,30.63
-84.88,30.63
-84.87,30.63
-84.86,30.63
-84.85,30.62
-84.85,30.63
-84.84,30.62
-84.83,30.62
-84.82,30.62
-84.81,30.62
-84.8,30.62
-84.79,30.62
-84.78,30.62
-84.77,30.62
-84.76,30.61
-84.76,30.62
-84.75,30.61
-84.74,30.6
-84.74,30.61
-84.73,30.6
-84.72,30.59
-84.72,30.6
-84.71,30.58
-84.71,30.59
-84.7,30.58
-84.69,30.57
-84.69,30.58
-84.68,30.57
-84.67,30.57
-84.66,30.57
-84.65,30.56
-84.65,30.57
-84.64,30.56
-84.63,30.55
-84.63,30.56
-84.62,30.55
-84.61,30.54
-84.61,30.55
-84.6,30.54
-84.59,30.54
-84.58,30.53
-84.58,30.54
-84.57,30.53
-84.56,30.53
-84.55,30.53
-84.54,30.53
-84.53,30.53
-84.52,30.53
-84.51,30.53
-84.5,30.53
-84.49,30.52
-84.48,30.51
-84.48,30.52
-84.47,30.51
-84.46,30.5
-84.46,30.51
-84.45,30.5
-84.44,30.49
-84.43,30.49
-84.42,30.49
-84.41,30.49
-84.4,30.48
-84.4,30.49
-84.39,30.48
-84.39,30.49
-84.38,30.48
-84.37,30.48
-84.36,30.48
-84.35,30.48
-84.34,30.48
-84.33,30.48
-84.32,30.48
-84.31,30.48
-84.3,30.48
-84.3,30.49
-84.29,30.49
-84.28,30.49
-84.27,30.49
-84.27,30.5
-84.26,30.5
-84.25,30.5
-84.24,30.5
-84.23,30.5
-84.22,30.5
-84.21,30.5
-84.2,30.5
-84.19,30.5
-84.18,30.5
-84.17,30.49
-84.17,30.5
-84.16,30.48
-84.16,30.49
-84.15,30.48
-84.14,30.48
-84.13,30.48
-84.12,30.48
-84.11,30.48
-84.1,30.48
-84.09,30.48
-84.08,30.48
-84.07,30.48
-84.06,30.48
-84.05,30.48
-84.04,30.48
-84.04,30.49
-84.03,30.49
-84.02,30.49
-84.01,30.49
-84.0,30.49
-83.99,30.49
-83.98,30.49
-83.97,30.49
-83.96,30.49
-83.95,30.48
-83.95,30.49
-83.94,30.48
-83.93,30.48
-83.92,30.48
-83.91,30.48
-83.9,30.48
-83.89,30.47
-83.89,30.48
-83.88,30.47
-83.87,30.47
-83.86,30.47
-83.85,30.47
-83.84,30.47
-83.83,30.47
-83.82,30.47
-83.81,30.47
-83.8,30.47
-83.79,30.46
-83.78,30.46
-83.77,30.46
-83.76,30.45
-83.76,30.46
-83.75,30.45
-83.74,30.45
-83.73,30.45
-83.72,30.45
-83.71,30.44
-83.71,30.45
-83.7,30.44
-83.7,30.45
-83.69,30.44
-83.68,30.44
-83.67,30.44
-83.66,30.44
-83.65,30.44
-83.64,30.43
-83.64,30.44
-83.63,30.43
-83.62,30.43
-83.61,30.43
-83.6,30.43
-83.59,30.43
-83.58,30.43
-83.57,30.43
-83.56,30.43
-83.55,30.43
-83.54,30.43
-83.53,30.43
-83.53,30.44
-83.52,30.44
-83.51,30.44
-83.5,30.44
-83.49,30.44
-83.48,30.44
-83.47,30.43
-83.47,30.44
-83.46,30.43
-83.45,30.42
-83.45,30.43
-83.44,30.42
-83.43,30.41
-83.43,30.42
-83.42,30.41
-83.41,30.41
-83.4,30.4
-83.4,30.41
-83.39,30.4
-83.38,30.4
-83.37,30.4
-83.36,30.4
-83.35,30.39
-83.35,30.4
-83.34,30.39
-83.33,30.39
-83.32,30.39
-83.31,30.38
-83.3,30.38
-83.29,30.38
-83.28,30.37
-83.28,30.38
-83.27,30.37
-83.26,30.37
-83.25,30.37
-83.24,30.37
-83.23,30.36
-83.23,30.37
-83.22,30.36
-83.21,30.36
-83.2,30.36
-83.19,30.36
-83.18,30.35
-83.18,30.36
-83.17,30.35
-83.16,30.35
-83.15,30.35
-83.14,30.34
-83.14,30.35
-83.13,30.34
-83.12,30.34
-83.11,30.34
-83.1,30.34
-83.09,30.34
-83.09,30.35
-83.08,30.35
-83.07,30.35
-83.06,30.35
-83.05,30.35
-83.04,30.35
-83.03,30.35
-83.02,30.35
-83.01,30.35
-83.0,30.35
-82.99,30.35
-82.98,30.34
-82.98,30.35
-82.97,30.33
-82.97,30.34
-82.96,30.33
-82.95,30.32
-82.94,30.31
-82.94,30.32
-82.93,30.31
-82.92,30.3
-82.92,30.31
-82.91,30.3
-82.9,30.3
-82.89,30.29
-82.89,30.3
-82.88,30.29
-82.87,30.29
-82.86,30.29
-82.85,30.29
-82.84,30.29
-82.83,30.28
-82.83,30.29
-82.82,30.28
-82.81,30.28
-82.8,30.27
-82.8,30.28
-82.79,30.27
-82.78,30.27
-82.77,30.27
-82.76,30.27
-82.75,30.26
-82.75,30.27
-82.74,30.26
-82.73,30.26
-82.72,30.25
-82.72,30.26
-82.71,30.25
-82.7,30.25
-82.69,30.24
-82.69,30.25
-82.68,30.24
-82.68,30.25
-82.67,30.24
-82.67,30.25
-82.66,30.24
-82.66,30.25
-82.65,30.24
-82.64,30.24
-82.63,30.24
-82.62,30.24
-82.61,30.24
-82.6,30.24
-82.59,30.24
-82.58,30.24
-82.57,30.24
-82.56,30.24
-82.56,30.25
-82.55,30.25
-82.54,30.25
-82.53,30.25
-82.52,30.25
-82.51,30.25
-82.5,30.25
-82.49,30.26
-82.48,30.26
-82.47,30.26
-82.46,30.26
-82.45,30.26
-82.44,30.25
-82.44,30.26
-82.43,30.25
-82.42,30.25
-82.41,30.25
-82.4,30.25
-82.39,30.25
-82.38,30.25
-82.37,30.25
-82.36,30.25
-82.35,30.25
-82.34,30.25
-82.33,30.25
-82.32,30.25
-82.31,30.24
-82.3,30.23
-82.3,30.24
-82.29,30.23
-82.28,30.23
-82.28,30.24
-82.27,30.24
-82.26,30.24
-82.25,30.24
-82.24,30.24
-82.24,30.25
-82.23,30.25
-82.22,30.25
-82.21,30.25
-82.2,30.25
-82.2,30.26
-82.19,30.26
-82.18,30.26
-82.17,30.26
-82.16,30.26
-82.15,30.26
-82.14,30.26
-82.13,30.26
-82.12,30.26
-82.11,30.26
-82.1,30.26
-82.1,30.27
-82.09,30.27
-82.08,30.27
-82.08,30.28
-82.07,30.28
-82.06,30.28
-82.05,30.28
-82.04,30.28
-82.03,30.28
-82.03,30.29
-82.02,30.29
-82.01,30.29
-81.99,30.29
-81.98,30.29
-81.97,30.29
-81.96,30.29
-81.95,30.29
-81.94,30.3
-81.93,30.3
-81.92,30.3
-81.91,30.3
-81.9,30.3
-81.89,30.31
-81.88,30.31
-81.87,30.31
-81.86,30.31
-81.85,30.31
-81.84,30.31
-81.83,30.31
-81.82,30.31
-81.81,30.31
-81.8,30.31
-81.79,30.31
-81.79,30.32
-81.78,30.31
-81.78,30.32
-81.77,30.32
-81.76,30.32
-81.75,30.32
-81.74,30.32
-81.73,30.32
-81.72,30.32
-81.71,30.32
-81.7,30.32
-81.69,30.32
-81.68,30.32
-81.68,30.33