-122.41,37.77
-122.41,37.78
-122.4,37.78
-122.39,37.78
-122.39,37.79
-122.38,37.79
-122.37,37.81
-122.36,37.81
-122.36,37.82
-122.35,37.82
-122.34,37.82
-122.33,37.82
-122.33,37.93
-122.33,37.94
-122.33,37.95
-122.33,37.96
-122.32,37.82
-122.32,37.91
-122.32,37.92
-122.32,37.93
-122.32,37.94
-122.32,37.95
-122.32,37.96
-122.32,37.97
-122.32,37.98
-122.32,37.99
-122.31,37.82
-122.31,37.83
-122.31,37.87
-122.31,37.88
-122.31,37.89
-122.31,37.9
-122.31,37.91
-122.31,37.99
-122.3,37.83
-122.3,37.84
-122.3,37.85
-122.3,37.86
-122.3,37.87
-122.3,37.99
-122.29,37.83
-122.29,37.84
-122.29,37.99
-122.29,38.0
-122.28,38.0
-122.28,38.01
-122.27,38.01
-122.27,38.02
-122.26,38.02
-122.26,38.03
-122.25,38.03
-122.25,38.04
-122.24,38.04
-122.24,38.05
-122.23,38.05
-122.23,38.06
-122.23,38.07
-122.23,38.08
-122.23,38.09
-122.23,38.1
-122.23,38.11
-122.23,38.12
-122.23,38.13
-122.22,38.05
-122.22,38.06
-122.22,38.13
-122.22,38.14
-122.22,38.15
-122.21,38.15
-122.21,38.16
-122.21,38.17
-122.2,38.17
-122.19,38.17
-122.19,38.18
-122.18,38.18
-122.18,38.19
-122.17,38.19
-122.16,38.2
-122.15,38.2
-122.15,38.21
-122.14,38.21
-122.14,38.22
-122.13,38.22
-122.13,38.23
-122.12,38.23
-122.11,38.23
-122.1,38.23
-122.1,38.24
-122.09,38.24
-122.08,38.24
-122.08,38.25
-122.07,38.25
-122.07,38.26
-122.06,38.26
-122.05,38.27
-122.05,38.28
-122.04,38.28
-122.04,38.29
-122.03,38.29
-122.03,38.3
-122.03,38.31
-122.03,38.32
-122.02,38.32
-122.02,38.33
-122.02,38.34
-122.01,38.34
-122.0,38.34
-122.0,38.35
-121.99,38.35
-121.98,38.35
-121.98,38.36
-121.97,38.36
-121.96,38.36
-121.96,38.37
-121.95,38.37
-121.95,38.38
-121.94,38.38
-121.94,38.39
-121.93,38.39
-121.93,38.4
-121.92,38.4
-121.91,38.4
-121.91,38.41
-121.9,38.41
-121.9,38.42
-121.89,38.42
-121.88,38.43
-121.87,38.43
-121.87,38.44
-121.86,38.44
-121.86,38.45
-121.85,38.45
-121.85,38.46
-121.84,38.46
-121.83,38.46
-121.83,38.47
-121.82,38.47
-121.82,38.48
-121.81,38.48
-121.81,38.49
-121.8,38.49
-121.8,38.5
-121.79,38.5
-121.79,38.51
-121.78,38.51
-121.77,38.52
-121.76,38.52
-121.76,38.53
-121.75,38.53
-121.74,38.53
-121.74,38.54
-121.73,38.54
-121.73,38.55
-121.72,38.55
-121.71,38.55
-121.7,38.55
-121.69,38.55
-121.68,38.56
-121.67,38.56
-121.66,38.56
-121.65,38.56
-121.64,38.56
-121.63,38.56
-121.63,38.57
-121.62,38.57
-121.61,38.57
-121.59,38.57
-121.58,38.57
-121.57,38.57
-121.57,38.58
-121.56,38.57
-121.56,38.58
-121.56,38.59
-121.55,38.57
-121.55,38.58
-121.55,38.59
-121.55,38.6
-121.54,38.57
-121.54,38.58
-121.54,38.61
-121.54,38.62
-121.53,38.58
-121.53,38.62
-121.52,38.57
-121.52,38.58
-121.52,38.62
-121.52,38.63
-121.51,38.57
-121.51,38.63
-121.5,38.56
-121.5,38.57
-121.5,38.63
-121.5,38.64
-121.49,38.56
-121.49,38.64
-121.48,38.56
-121.48,38.64
-121.47,38.56
-121.47,38.57
-121.47,38.58
-121.47,38.64
-121.46,38.58
-121.46,38.64
-121.45,38.59
-121.45,38.64
-121.44,38.59
-121.44,38.6
-121.44,38.64
-121.43,38.6
-121.43,38.61
-121.43,38.64
-121.42,38.61
-121.42,38.62
-121.42,38.63
-121.42,38.64
-121.41,38.63
-121.41,38.64
-121.4,38.63
-121.4,38.64
-121.39,38.63
-121.39,38.64
-121.39,38.65
-121.38,38.64
-121.38,38.65
-121.37,38.65
-121.36,38.66
-121.36,38.67
-121.35,38.67
-121.35,38.68
-121.34,38.68
-121.33,38.68
-121.33,38.69
-121.32,38.69
-121.32,38.7
-121.31,38.7
-121.31,38.71
-121.3,38.71
-121.3,38.72
-121.29,38.72
-121.29,38.73
-121.28,38.73
-121.28,38.74
-121.27,38.74
-121.27,38.75
-121.26,38.75
-121.26,38.76
-121.26,38.77
-121.25,38.77
-121.24,38.77
-121.24,38.78
-121.23,38.78
-121.23,38.79
-121.22,38.79
-121.21,38.8
-121.2,38.8
-121.2,38.81
-121.19,38.81
-121.19,38.82
-121.18,38.82
-121.18,38.83
-121.17,38.83
-121.17,38.84
-121.16,38.84
-121.16,38.85
-121.15,38.85
-121.14,38.85
-121.14,38.86
-121.13,38.86
-121.13,38.87
-121.13,38.88
-121.12,38.88
-121.11,38.88
-121.1,38.88
-121.1,38.89
-121.09,38.89
-121.08,38.89
-121.08,38.9
-121.07,38.9
-121.07,38.91
-121.06,38.91
-121.06,38.92
-121.06,38.93
-121.05,38.93
-121.05,38.94
-121.05,38.95
-121.04,38.95
-121.04,38.96
-121.03,38.96
-121.02,38.96
-121.02,38.97
-121.01,38.97
-121.01,38.98
-121.01,38.99
-121.0,38.99
-121.0,39.0
-120.99,39.0
-120.99,39.01
-120.99,39.02
-120.98,39.02
-120.98,39.03
-120.97,39.03
-120.97,39.04
-120.97,39.05
-120.97,39.06
-120.97,39.07
-120.96,39.07
-120.96,39.08
-120.96,39.09
-120.95,39.09
-120.95,39.1
-120.95,39.11
-120.94,39.11
-120.94,39.12
-120.94,39.13
-120.93,39.13
-120.93,39.14
-120.92,39.14
-120.91,39.14
-120.91,39.15
-120.9,39.15
-120.89,39.15
-120.89,39.16
-120.88,39.16
-120.88,39.17
-120.87,39.17
-120.86,39.17
-120.86,39.18
-120.85,39.18
-120.85,39.19
-120.84,39.19
-120.83,39.19
-120.82,39.19
-120.82,39.2
-120.81,39.2
-120.8,39.2
-120.79,39.2
-120.79,39.21
-120.78,39.21
-120.78,39.22
-120.77,39.22
-120.77,39.23
-120.76,39.23
-120.75,39.23
-120.75,39.24
-120.75,39.25
-120.74,39.25
-120.74,39.26
-120.73,39.25
-120.73,39.26
-120.73,39.27
-120.72,39.27
-120.72,39.28
-120.71,39.27
-120.71,39.28
-120.7,39.28
-120.7,39.29
-120.69,39.29
-120.68,39.29
-120.68,39.3
-120.67,39.3
-120.66,39.3
-120.65,39.3
-120.65,39.31
-120.64,39.31
-120.63,39.31
-120.63,39.32
-120.62,39.31
-120.62,39.32
-120.61,39.32
-120.6,39.32
-120.6,39.33
-120.59,39.33
-120.58,39.33
-120.57,39.32
-120.57,39.33
-120.56,39.32
-120.55,39.31
-120.55,39.32
-120.54,39.31
-120.53,39.3
-120.53,39.31
-120.52,39.31
-120.51,39.31
-120.5,39.31
-120.49,39.31
-120.48,39.31
-120.47,39.31
-120.46,39.31
-120.46,39.32
-120.45,39.31
-120.44,39.31
-120.44,39.32
-120.43,39.32
-120.42,39.32
-120.41,39.32
-120.4,39.32
-120.39,39.32
-120.39,39.33
-120.38,39.33
-120.37,39.33
-120.36,39.33
-120.36,39.34
-120.35,39.34
-120.34,39.34
-120.33,39.34
-120.32,39.34
-120.31,39.33
-120.31,39.34
-120.3,39.33
-120.29,39.33
-120.28,39.33
-120.27,39.33
-120.26,39.33
-120.25,39.33
-120.24,39.33
-120.23,39.32
-120.23,39.33
-120.22,39.32
-120.21,39.32
-120.2,39.32
-120.19,39.32
-120.19,39.33
-120.18,39.33
-120.18,39.34
-120.17,39.34
-120.16,39.34
-120.16,39.35
-120.15,39.35
-120.15,39.36
-120.14,39.36
-120.13,39.36
-120.12,39.36
-120.12,39.37
-120.11,39.37
-120.11,39.38
-120.1,39.38
-120.09,39.38
-120.08,39.38
-120.07,39.37
-120.07,39.38
-120.06,39.37
-120.05,39.37
-120.04,39.37
-120.04,39.42
-120.04,39.43
-120.03,39.37
-120.03,39.38
-120.03,39.39
-120.03,39.4
-120.03,39.41
-120.03,39.42
-120.03,39.43
-120.03,39.44
-120.02,39.38
-120.02,39.39
-120.02,39.4
-120.02,39.44
-120.01,39.44
-120.01,39.45
-120.01,39.46
-120.0,39.46
-120.0,39.47
-120.0,39.48
-120.0,39.49
-120.0,39.5
-120.0,39.51
-119.99,39.48
-119.99,39.49
-119.99,39.51
-119.98,39.51
-119.97,39.51
-119.96,39.51
-119.95,39.51
-119.94,39.51
-119.93,39.51
-119.93,39.52
-119.92,39.52
-119.91,39.51
-119.9,39.51
-119.89,39.51
-119.89,39.52
-119.88,39.52
-119.87,39.52
-119.86,39.52
-119.86,39.53
-119.85,39.53
-119.84,39.53
-119.83,39.53
-119.82,39.53
-119.81,39.53
-119.81,39.54
-119.8,39.54
-119.79,39.54
-119.78,39.53
-119.78,39.54
-119.77,39.53
-119.76,39.53
-119.75,39.53
-119.74,39.53
-119.73,39.53
-119.72,39.53
-119.71,39.53
-119.7,39.52
-119.7,39.53
-119.69,39.52
-119.68,39.51
-119.68,39.52
-119.67,39.51
-119.66,39.51
-119.65,39.51
-119.64,39.51
-119.64,39.52
-119.63,39.52
-119.62,39.52
-119.62,39.53
-119.61,39.53
-119.6,39.53
-119.6,39.54
-119.59,39.54
-119.59,39.55
-119.58,39.55
-119.57,39.55
-119.56,39.55
-119.56,39.56
-119.55,39.56
-119.54,39.56
-119.54,39.57
-119.53,39.57
-119.52,39.57
-119.51,39.57
-119.5,39.57
-119.49,39.57
-119.48,39.57
-119.47,39.57
-119.47,39.58
-119.47,39.59
-119.46,39.59
-119.45,39.59
-119.44,39.59
-119.43,39.59
-119.42,39.59
-119.41,39.59
-119.4,39.59
-119.39,39.59
-119.38,39.59
-119.37,39.59
-119.37,39.6
-119.36,39.6
-119.35,39.6
-119.34,39.6
-119.33,39.6
-119.33,39.61
-119.32,39.61
-119.31,39.61
-119.31,39.62
-119.3,39.62
-119.29,39.62
-119.28,39.62
-119.27,39.62
-119.26,39.61
-119.26,39.62
-119.25,39.61
-119.25,39.62
-119.24,39.61
-119.24,39.62
-119.23,39.61
-119.22,39.61
-119.21,39.61
-119.21,39.62
-119.2,39.62
-119.2,39.63
-119.19,39.63
-119.18,39.64
-119.17,39.64
-119.17,39.65
-119.16,39.65
-119.16,39.66
-119.15,39.66
-119.15,39.67
-119.14,39.67
-119.13,39.67
-119.13,39.68
-119.12,39.68
-119.12,39.69
-119.11,39.69
-119.11,39.7
-119.1,39.7
-119.1,39.71
-119.09,39.71
-119.09,39.72
-119.08,39.72
-119.08,39.73
-119.07,39.73
-119.07,39.74
-119.06,39.73
-119.06,39.74
-119.06,39.75
-119.05,39.75
-119.05,39.76
-119.04,39.76
-119.04,39.77
-119.04,39.78
-119.03,39.77
-119.03,39.78
-119.03,39.79
-119.02,39.79
-119.02,39.8
-119.01,39.8
-119.01,39.81
-119.0,39.81
-119.0,39.82
-118.99,39.82
-118.98,39.82
-118.98,39.83
-118.97,39.83
-118.96,39.83
-118.96,39.84
-118.95,39.84
-118.94,39.84
-118.94,39.85
-118.93,39.85
-118.92,39.85
-118.92,39.86
-118.91,39.86
-118.9,39.86
-118.9,39.87
-118.89,39.87
-118.88,39.87
-118.88,39.88
-118.87,39.88
-118.87,39.89
-118.86,39.88
-118.86,39.89
-118.85,39.89
-118.85,39.9
-118.84,39.9
-118.84,39.91
-118.83,39.9
-118.83,39.91
-118.82,39.91
-118.82,39.92
-118.81,39.92
-118.8,39.92
-118.79,39.92
-118.79,39.93
-118.78,39.93
-118.77,39.93
-118.77,39.94
-118.76,39.94
-118.75,39.94
-118.74,39.94
-118.74,39.95
-118.73,39.95
-118.72,39.95
-118.72,39.96
-118.71,39.96
-118.7,39.96
-118.7,39.97
-118.69,39.97
-118.69,39.98
-118.69,39.99
-118.68,39.99
-118.68,40.0
-118.68,40.01
-118.68,40.02
-118.67,40.02
-118.67,40.03
-118.67,40.04
-118.66,40.04
-118.66,40.05
-118.66,40.06
-118.65,40.06
-118.65,40.07
-118.64,40.07
-118.63,40.07
-118.63,40.08
-118.62,40.08
-118.61,40.08
-118.6,40.09
-118.59,40.09
-118.59,40.1
-118.58,40.1
-118.57,40.1
-118.56,40.1
-118.56,40.11
-118.55,40.11
-118.54,40.12
-118.53,40.12
-118.52,40.13
-118.51,40.13
-118.51,40.14
-118.5,40.14
-118.5,40.15
-118.49,40.15
-118.49,40.16
-118.49,40.17
-118.48,40.17
-118.47,40.17
-118.47,40.18
-118.47,40.19
-118.46,40.19
-118.45,40.19
-118.44,40.2
-118.43,40.2
-118.43,40.21
-118.42,40.2
-118.42,40.21
-118.42,40.22
-118.41,40.22
-118.41,40.23
-118.4,40.23
-118.4,40.24
-118.39,40.24
-118.39,40.25
-118.38,40.25
-118.38,40.26
-118.37,40.26
-118.37,40.27
-118.36,40.27
-118.36,40.28
-118.36,40.29
-118.35,40.29
-118.35,40.3
-118.34,40.3
-118.34,40.31
-118.33,40.32
-118.33,40.33
-118.32,40.33
-118.32,40.34
-118.31,40.34
-118.31,40.35
-118.31,40.36
-118.31,40.37
-118.3,40.37
-118.3,40.38
-118.3,40.39
-118.3,40.4
-118.3,40.41
-118.3,40.42
-118.29,40.42
-118.29,40.43
-118.29,40.44
-118.29,40.45
-118.29,40.46
-118.29,40.47
-118.28,40.47
-118.28,40.48
-118.28,40.49
-118.28,40.5
-118.28,40.51
-118.28,40.52
-118.28,40.53
-118.28,40.54
-118.28,40.55
-118.28,40.56
-118.27,40.56
-118.27,40.57
-118.27,40.58
-118.26,40.58
-118.26,40.59
-118.25,40.6
-118.25,40.61
-118.24,40.61
-118.23,40.61
-118.23,40.62
-118.22,40.62
-118.22,40.63
-118.21,40.63
-118.21,40.64
-118.2,40.64
-118.19,40.64
-118.18,40.65
-118.17,40.65
-118.16,40.65
-118.15,40.66
-118.14,40.66
-118.13,40.66
-118.12,40.66
-118.12,40.67
-118.11,40.67
-118.1,40.67
-118.09,40.67
-118.08,40.67
-118.08,40.68
-118.07,40.68
-118.06,40.68
-118.06,40.69
-118.05,40.69
-118.05,40.7
-118.05,40.71
-118.04,40.71
-118.04,40.72
-118.03,40.73
-118.03,40.74
-118.02,40.74
-118.02,40.75
-118.02,40.76
-118.01,40.76
-118.01,40.77
-118.01,40.78
-118.0,40.78
-118.0,40.79
-118.0,40.8
-117.99,40.8
-117.99,40.81
-117.98,40.81
-117.98,40.82
-117.98,40.83
-117.97,40.83
-117.97,40.84
-117.96,40.84
-117.96,40.85
-117.95,40.86
-117.94,40.87
-117.94,40.88
-117.93,40.88
-117.92,40.88
-117.92,40.89
-117.91,40.89
-117.9,40.89
-117.9,40.9
-117.89,40.89
-117.89,40.9
-117.88,40.9
-117.87,40.9
-117.87,40.91
-117.86,40.91
-117.85,40.91
-117.84,40.92
-117.83,40.92
-117.82,40.92
-117.82,40.93
-117.81,40.93
-117.8,40.93
-117.79,40.93
-117.79,40.94
-117.78,40.94
-117.77,40.94
-117.77,40.95
-117.76,40.95
-117.75,40.95
-117.75,40.96
-117.75,40.97
-117.74,40.97
-117.74,40.98
-117.73,40.98
-117.72,40.98
-117.71,40.98
-117.7,40.99
-117.69,40.99
-117.68,40.99
-117.67,40.99
-117.67,41.0
-117.66,41.0
-117.65,41.0
-117.64,41.01
-117.63,41.01
-117.62,41.01
-117.62,41.02
-117.61,41.02
-117.6,41.02
-117.59,41.03
-117.58,41.02
-117.58,41.03
-117.57,41.01
-117.57,41.02
-117.56,41.0
-117.56,41.01
-117.55,40.99
-117.55,41.0
-117.54,40.98
-117.54,40.99
-117.53,40.97
-117.53,40.98
-117.52,40.97
-117.51,40.96
-117.5,40.95
-117.5,40.96
-117.49,40.95
-117.48,40.94
-117.48,40.95
-117.47,40.94
-117.46,40.94
-117.45,40.93
-117.44,40.93
-117.43,40.93
-117.42,40.93
-117.41,40.93
-117.4,40.92
-117.39,40.92
-117.38,40.92
-117.37,40.92
-117.36,40.92
-117.35,40.92
-117.34,40.91
-117.34,40.92
-117.33,40.91
-117.32,40.91
-117.31,40.9
-117.3,40.9
-117.29,40.89
-117.29,40.9
-117.28,40.89
-117.27,40.88
-117.27,40.89
-117.26,40.88
-117.25,40.87
-117.25,40.88
-117.24,40.87
-117.23,40.86
-117.23,40.87
-117.22,40.86
-117.21,40.85
-117.21,40.86
-117.2,40.84
-117.2,40.85
-117.19,40.84
-117.18,40.83
-117.18,40.84
-117.17,40.82
-117.17,40.83
-117.16,40.81
-117.16,40.82
-117.15,40.8
-117.15,40.81
-117.14,40.8
-117.14,40.81
-117.13,40.79
-117.13,40.8
-117.12,40.78
-117.12,40.79
-117.11,40.77
-117.11,40.78
-117.1,40.77
-117.09,40.76
-117.09,40.77
-117.08,40.75
-117.08,40.76
-117.07,40.74
-117.07,40.75
-117.06,40.73
-117.06,40.74
-117.05,40.73
-117.04,40.72
-117.04,40.73
-117.03,40.71
-117.03,40.72
-117.02,40.7
-117.02,40.71
-117.01,40.7
-117.0,40.69
-117.0,40.7
-116.99,40.68
-116.99,40.69
-116.98,40.67
-116.98,40.68
-116.97,40.66
-116.97,40.67
-116.96,40.65
-116.96,40.66
-116.95,40.64
-116.95,40.65
-116.94,40.63
-116.94,40.64
-116.93,40.63
-116.92,40.62
-116.92,40.63
-116.91,40.62
-116.9,40.62
-116.89,40.61
-116.89,40.62
-116.88,40.61
-116.87,40.61
-116.86,40.61
-116.85,40.61
-116.84,40.61
-116.83,40.61
-116.82,40.61
-116.81,40.61
-116.8,40.61
-116.8,40.62
-116.79,40.62
-116.78,40.62
-116.78,40.63
-116.78,40.64
-116.77,40.64
-116.77,40.65
-116.76,40.65
-116.75,40.65
-116.75,40.66
-116.74,40.66
-116.73,40.66
-116.73,40.67
-116.72,40.67
-116.71,40.67
-116.7,40.67
-116.69,40.67
-116.68,40.67
-116.67,40.67
-116.66,40.67
-116.65,40.67
-116.64,40.67
-116.63,40.67
-116.63,40.68
-116.62,40.68
-116.61,40.68
-116.6,40.68
-116.6,40.69
-116.59,40.69
-116.58,40.69
-116.57,40.69
-116.56,40.69
-116.56,40.7
-116.55,40.7
-116.54,40.7
-116.53,40.7
-116.52,40.7
-116.51,40.7
-116.5,40.69
-116.5,40.7
-116.49,40.69
-116.48,40.68
-116.48,40.69
-116.47,40.67
-116.47,40.68
-116.46,40.67
-116.45,40.66
-116.45,40.67
-116.44,40.66
-116.43,40.66
-116.42,40.66
-116.41,40.66
-116.4,40.65
-116.4,40.66
-116.39,40.65
-116.38,40.65
-116.37,40.65
-116.36,40.64
-116.36,40.65
-116.35,40.64
-116.34,40.64
-116.33,40.64
-116.32,40.64
-116.32,40.65
-116.31,40.65
-116.3,40.65
-116.29,40.65
-116.28,40.65
-116.28,40.66
-116.27,40.66
-116.26,40.66
-116.25,40.66
-116.24,40.66
-116.23,40.66
-116.23,40.67
-116.22,40.67
-116.22,40.68
-116.21,40.67
-116.21,40.68
-116.2,40.68
-116.19,40.68
-116.19,40.69
-116.18,40.69
-116.18,40.7
-116.17,40.7
-116.17,40.71
-116.16,40.71
-116.15,40.71
-116.15,40.72
-116.14,40.72
-116.13,40.72
-116.12,40.72
-116.11,40.72
-116.1,40.72
-116.09,40.72
-116.08,40.72
-116.08,40.73
-116.07,40.72
-116.07,40.73
-116.06,40.73
-116.05,40.73
-116.04,40.73
-116.03,40.73
-116.02,40.72
-116.02,40.73
-116.01,40.72
-116.0,40.71
-116.0,40.72
-115.99,40.71
-115.98,40.71
-115.98,40.72
-115.97,40.72
-115.96,40.73
-115.95,40.73
-115.95,40.74
-115.95,40.75
-115.94,40.75
-115.94,40.76
-115.93,40.76
-115.92,40.76
-115.92,40.77
-115.91,40.77
-115.9,40.77
-115.9,40.78
-115.89,40.78
-115.88,40.78
-115.87,40.78
-115.87,40.79
-115.86,40.79
-115.85,40.79
-115.85,40.8
-115.84,40.8
-115.83,40.8
-115.83,40.81
-115.82,40.81
-115.82,40.82
-115.81,40.82
-115.8,40.82
-115.8,40.83
-115.79,40.83
-115.79,40.84
-115.78,40.84
-115.77,40.84
-115.77,40.85
-115.76,40.85
-115.75,40.85
-115.74,40.85
-115.74,40.86
-115.73,40.86
-115.73,40.87
-115.72,40.87
-115.72,40.88
-115.71,40.88
-115.71,40.89
-115.71,40.9
-115.7,40.9
-115.7,40.91
-115.69,40.91
-115.69,40.92
-115.68,40.92
-115.68,40.93
-115.67,40.93
-115.66,40.93
-115.66,40.94
-115.65,40.94
-115.64,40.94
-115.64,40.95
-115.63,40.95
-115.62,40.95
-115.61,40.95
-115.6,40.95
-115.59,40.95
-115.58,40.95
-115.57,40.95
-115.56,40.95
-115.55,40.95
-115.54,40.95
-115.53,40.95
-115.52,40.95
-115.51,40.95
-115.5,40.95
-115.49,40.95
-115.49,40.96
-115.48,40.96
-115.47,40.96
-115.46,40.96
-115.45,40.96
-115.45,40.97
-115.44,40.97
-115.44,40.98
-115.43,40.98
-115.43,40.99
-115.43,41.0
-115.42,41.0
-115.42,41.01
-115.41,41.01
-115.41,41.02
-115.4,41.02
-115.39,41.02
-115.39,41.03
-115.38,41.03
-115.37,41.03
-115.37,41.04
-115.36,41.04
-115.35,41.04
-115.35,41.05
-115.34,41.05
-115.33,41.05
-115.33,41.06
-115.32,41.06
-115.31,41.06
-115.31,41.07
-115.3,41.07
-115.29,41.07
-115.29,41.08
-115.28,41.08
-115.27,41.08
-115.27,41.09
-115.26,41.09
-115.25,41.09
-115.24,41.09
-115.23,41.09
-115.22,41.09
-115.21,41.09
-115.2,41.09
-115.19,41.09
-115.18,41.09
-115.17,41.09
-115.16,41.09
-115.15,41.09
-115.14,41.09
-115.13,41.09
-115.13,41.1
-115.12,41.1
-115.11,41.1
-115.1,41.1
-115.09,41.1
-115.08,41.1
-115.07,41.1
-115.07,41.11
-115.06,41.11
-115.05,41.11
-115.04,41.11
-115.03,41.11
-115.02,41.11
-115.01,41.11
-115.0,41.11
-114.99,41.11
-114.98,41.1
-114.98,41.11
-114.97,41.1
-114.96,41.1
-114.95,41.1
-114.94,41.1
-114.93,41.1
-114.92,41.1
-114.91,41.1
-114.9,41.1
-114.89,41.1
-114.89,41.11
-114.88,41.11
-114.87,41.11
-114.86,41.11
-114.85,41.11
-114.84,41.11
-114.83,41.11
-114.82,41.11
-114.81,41.11
-114.8,41.11
-114.79,41.11
-114.78,41.11
-114.77,41.11
-114.76,41.11
-114.75,41.1
-114.75,41.11
-114.74,41.1
-114.73,41.1
-114.72,41.09
-114.71,41.09
-114.7,41.09
-114.69,41.08
-114.69,41.09
-114.68,41.08
-114.67,41.08
-114.66,41.07
-114.65,41.07
-114.64,41.07
-114.63,41.07
-114.62,41.07
-114.61,41.07
-114.6,41.07
-114.59,41.07
-114.59,41.08
-114.58,41.08
-114.57,41.08
-114.56,41.07
-114.56,41.08
-114.55,41.07
-114.54,41.06
-114.54,41.07
-114.53,41.06
-114.53,41.07
-114.52,41.05
-114.52,41.06
-114.51,41.04
-114.51,41.05
-114.5,41.03
-114.5,41.04
-114.49,41.03
-114.48,41.02
-114.48,41.03
-114.47,41.01
-114.47,41.02
-114.46,41.01
-114.45,41.0
-114.45,41.01
-114.44,40.99
-114.44,41.0
-114.43,40.99
-114.42,40.98
-114.42,40.99
-114.41,40.97
-114.41,40.98
-114.4,40.97
-114.39,40.96
-114.39,40.97
-114.38,40.95
-114.38,40.96
-114.37,40.95
-114.36,40.94
-114.36,40.95
-114.35,40.93
-114.35,40.94
-114.34,40.93
-114.33,40.92
-114.33,40.93
-114.32,40.91
-114.32,40.92
-114.31,40.91
-114.3,40.9
-114.3,40.91
-114.29,40.9
-114.28,40.9
-114.27,40.89
-114.27,40.9
-114.26,40.89
-114.25,40.88
-114.25,40.89
-114.24,40.87
-114.24,40.88
-114.23,40.86
-114.23,40.87
-114.22,40.85
-114.22,40.86
-114.21,40.84
-114.21,40.85
-114.2,40.83
-114.2,40.84
-114.19,40.82
-114.19,40.83
-114.18,40.81
-114.18,40.82
-114.17,40.8
-114.17,40.81
-114.16,40.79
-114.16,40.8
-114.15,40.78
-114.15,40.79
-114.14,40.77
-114.14,40.78
-114.13,40.76
-114.13,40.77
-114.12,40.75
-114.12,40.76
-114.11,40.75
-114.1,40.74
-114.1,40.75
-114.09,40.74
-114.08,40.74
-114.07,40.74
-114.06,40.74
-114.05,40.74
-114.04,40.74
-114.03,40.74
-114.02,40.74
-114.02,40.75
-114.01,40.75
-114.0,40.75
-113.99,40.74
-113.99,40.75
-113.98,40.74
-113.97,40.74
-113.96,40.74
-113.95,40.74
-113.94,40.74
-113.93,40.74
-113.92,40.74
-113.91,40.74
-113.9,40.74
-113.89,40.74
-113.88,40.74
-113.87,40.74
-113.86,40.74
-113.85,40.74
-113.84,40.74
-113.83,40.74
-113.82,40.74
-113.81,40.74
-113.8,40.74
-113.79,40.74
-113.78,40.74
-113.77,40.74
-113.76,40.74
-113.75,40.74
-113.74,40.74
-113.73,40.74
-113.72,40.74
-113.71,40.74
-113.7,40.74
-113.69,40.74
-113.68,40.73
-113.67,40.73
-113.67,40.74
-113.66,40.73
-113.65,40.73
-113.64,40.73
-113.63,40.73
-113.62,40.73
-113.61,40.73
-113.6,40.73
-113.59,40.73
-113.58,40.73
-113.57,40.73
-113.56,40.73
-113.55,40.73
-113.54,40.73
-113.53,40.73
-113.52,40.73
-113.51,40.73
-113.5,40.73
-113.49,40.73
-113.48,40.73
-113.47,40.73
-113.46,40.73
-113.45,40.73
-113.44,40.73
-113.43,40.73
-113.42,40.73
-113.41,40.73
-113.4,40.73
-113.39,40.73
-113.38,40.73
-113.37,40.73
-113.36,40.73
-113.35,40.73
-113.34,40.73
-113.33,40.73
-113.32,40.73
-113.31,40.73
-113.3,40.73
-113.29,40.73
-113.28,40.73
-113.27,40.73
-113.26,40.73
-113.25,40.73
-113.24,40.73
-113.23,40.73
-113.22,40.73
-113.21,40.73
-113.2,40.73
-113.19,40.73
-113.18,40.73
-113.17,40.73
-113.16,40.73
-113.15,40.73
-113.14,40.73
-113.13,40.73
-113.12,40.73
-113.11,40.73
-113.1,40.73
-113.1,40.74
-113.09,40.74
-113.08,40.74
-113.07,40.74
-113.07,40.75
-113.06,40.75
-113.05,40.75
-113.04,40.75
-113.03,40.75
-113.03,40.76
-113.02,40.76
-113.01,40.76
-113.0,40.76
-113.0,40.77
-112.99,40.76
-112.99,40.77
-112.98,40.77
-112.97,40.78
-112.96,40.78
-112.96,40.79
-112.95,40.79
-112.95,40.8
-112.94,40.8
-112.94,40.81
-112.93,40.81
-112.92,40.81
-112.92,40.82
-112.91,40.82
-112.9,40.82
-112.89,40.82
-112.88,40.81
-112.88,40.82
-112.87,40.81
-112.86,40.8
-112.86,40.81
-112.85,40.8
-112.84,40.79
-112.84,40.8
-112.83,40.79
-112.82,40.78
-112.82,40.79
-112.81,40.78
-112.8,40.77
-112.8,40.78
-112.79,40.76
-112.79,40.77
-112.78,40.76
-112.77,40.76
-112.76,40.76
-112.75,40.76
-112.74,40.75
-112.74,40.76
-112.73,40.75
-112.72,40.75
-112.71,40.75
-112.7,40.75
-112.69,40.75
-112.68,40.75
-112.67,40.75
-112.66,40.75
-112.65,40.75
-112.64,40.74
-112.64,40.75
-112.63,40.74
-112.62,40.74
-112.61,40.74
-112.6,40.73
-112.59,40.73
-112.58,40.73
-112.57,40.72
-112.56,40.72
-112.55,40.72
-112.54,40.71
-112.54,40.72
-112.53,40.71
-112.52,40.71
-112.51,40.7
-112.51,40.71
-112.5,40.7
-112.49,40.7
-112.48,40.7
-112.47,40.69
-112.47,40.7
-112.46,40.69
-112.45,40.68
-112.45,40.69
-112.44,40.68
-112.44,40.69
-112.43,40.68
-112.42,40.68
-112.41,40.68
-112.4,40.67
-112.4,40.68
-112.39,40.67
-112.38,40.67
-112.37,40.66
-112.37,40.67
-112.36,40.66
-112.36,40.67
-112.35,40.66
-112.34,40.66
-112.33,40.66
-112.32,40.66
-112.32,40.67
-112.31,40.66
-112.31,40.67
-112.3,40.67
-112.29,40.67
-112.29,40.68
-112.28,40.68
-112.27,40.68
-112.27,40.69
-112.26,40.69
-112.26,40.7
-112.26,40.71
-112.25,40.71
-112.24,40.71
-112.24,40.72
-112.23,40.72
-112.22,40.72
-112.22,40.73
-112.21,40.73
-112.2,40.73
-112.2,40.74
-112.19,40.74
-112.18,40.74
-112.18,40.75
-112.17,40.75
-112.17,40.76
-112.16,40.76
-112.16,40.77
-112.15,40.77
-112.14,40.77
-112.13,40.77
-112.12,40.77
-112.11,40.77
-112.1,40.77
-112.09,40.77
-112.08,40.77
-112.07,40.77
-112.06,40.77
-112.05,40.77
-112.04,40.77
-112.03,40.77
-112.02,40.77
-112.01,40.77
-112.0,40.77
-111.99,40.76
-111.99,40.77
-111.98,40.76
-111.97,40.76
-111.96,40.76
-111.96,40.77
-111.95,40.77
-111.94,40.77
-111.93,40.76
-111.93,40.77
-111.92,40.76
-111.91,40.72
-111.91,40.75
-111.91,40.76
-111.9,40.72
-111.9,40.73
-111.9,40.74
-111.9,40.75
-111.89,40.72
-111.88,40.72
-111.87,40.72
-111.86,40.72
-111.85,40.72
-111.84,40.72
-111.83,40.71
-111.83,40.72
-111.82,40.71
-111.81,40.71
-111.8,40.71
-111.79,40.71
-111.78,40.71
-111.78,40.72
-111.77,40.72
-111.77,40.73
-111.76,40.73
-111.75,40.73
-111.75,40.74
-111.74,40.74
-111.73,40.74
-111.73,40.75
-111.72,40.75
-111.71,40.75
-111.7,40.75
-111.69,40.74
-111.69,40.75
-111.68,40.74
-111.67,40.74
-111.66,40.74
-111.65,40.74
-111.65,40.75
-111.64,40.75
-111.63,40.75
-111.62,40.75
-111.61,40.75
-111.6,40.75
-111.59,40.75
-111.59,40.76
-111.58,40.76
-111.57,40.75
-111.56,40.74
-111.56,40.75
-111.55,40.73
-111.55,40.74
-111.54,40.72
-111.54,40.73
-111.53,40.72
-111.52,40.72
-111.51,40.72
-111.51,40.73
-111.5,40.73
-111.49,40.73
-111.49,40.74
-111.48,40.74
-111.47,40.74
-111.47,40.75
-111.47,40.76
-111.47,40.77
-111.47,40.78
-111.46,40.78
-111.46,40.79
-111.45,40.79
-111.45,40.8
-111.44,40.8
-111.44,40.81
-111.44,40.97
-111.43,40.81
-111.43,40.96
-111.43,40.97
-111.43,40.98
-111.42,40.81
-111.42,40.94
-111.42,40.95
-111.42,40.96
-111.42,40.98
-111.41,40.81
-111.41,40.92
-111.41,40.93
-111.41,40.94
-111.41,40.95
-111.41,40.98
-111.41,40.99
-111.4,40.81
-111.4,40.82
-111.4,40.89
-111.4,40.9
-111.4,40.91
-111.4,40.92
-111.4,40.99
-111.4,41.0
-111.39,40.82
-111.39,40.83
-111.39,40.84
-111.39,40.85
-111.39,40.86
-111.39,40.87
-111.39,40.88
-111.39,40.89
-111.39,40.9
-111.39,41.0
-111.38,41.0
-111.38,41.01
-111.37,41.01
-111.37,41.02
-111.36,41.02
-111.35,41.02
-111.35,41.03
-111.34,41.03
-111.33,41.03
-111.33,41.04
-111.32,41.04
-111.31,41.04
-111.31,41.05
-111.3,41.05
-111.29,41.06
-111.28,41.06
-111.28,41.07
-111.27,41.07
-111.26,41.07
-111.26,41.08
-111.25,41.08
-111.24,41.08
-111.24,41.09
-111.23,41.09
-111.22,41.09
-111.22,41.1
-111.21,41.1
-111.21,41.11
-111.2,41.11
-111.2,41.12
-111.19,41.12
-111.18,41.12
-111.17,41.12
-111.17,41.13
-111.16,41.13
-111.16,41.14
-111.15,41.14
-111.15,41.15
-111.14,41.15
-111.14,41.16
-111.14,41.17
-111.13,41.17
-111.13,41.18
-111.13,41.19
-111.12,41.19
-111.11,41.19
-111.11,41.2
-111.1,41.2
-111.1,41.21
-111.09,41.21
-111.09,41.22
-111.09,41.23
-111.08,41.23
-111.08,41.24
-111.07,41.24
-111.07,41.25
-111.06,41.25
-111.05,41.25
-111.04,41.25
-111.03,41.25
-111.02,41.25
-111.01,41.25
-111.0,41.25
-111.0,41.26
-110.99,41.26
-110.98,41.26
-110.97,41.26
-110.96,41.26
-110.95,41.26
-110.95,41.27
-110.94,41.27
-110.93,41.27
-110.92,41.27
-110.91,41.26
-110.91,41.27
-110.9,41.26
-110.89,41.26
-110.88,41.26
-110.87,41.26
-110.87,41.27
-110.86,41.27
-110.85,41.27
-110.84,41.27
-110.83,41.27
-110.82,41.27
-110.81,41.27
-110.8,41.27
-110.8,41.28
-110.79,41.28
-110.79,41.29
-110.78,41.29
-110.78,41.3
-110.77,41.3
-110.76,41.3
-110.75,41.3
-110.74,41.31
-110.73,41.31
-110.72,41.3
-110.72,41.31
-110.71,41.3
-110.7,41.3
-110.69,41.29
-110.69,41.3
-110.68,41.3
-110.67,41.3
-110.66,41.3
-110.65,41.3
-110.64,41.3
-110.63,41.3
-110.62,41.3
-110.61,41.3
-110.6,41.3
-110.59,41.3
-110.58,41.3
-110.57,41.3
-110.56,41.3
-110.55,41.3
-110.54,41.3
-110.53,41.3
-110.53,41.31
-110.52,41.31
-110.51,41.31
-110.5,41.31
-110.5,41.32
-110.49,41.32
-110.48,41.32
-110.47,41.32
-110.47,41.33
-110.46,41.33
-110.45,41.33
-110.44,41.33
-110.43,41.33
-110.42,41.33
-110.41,41.34
-110.4,41.34
-110.39,41.34
-110.39,41.35
-110.38,41.35
-110.37,41.35
-110.36,41.35
-110.35,41.35
-110.35,41.36
-110.34,41.35
-110.34,41.36
-110.33,41.36
-110.32,41.36
-110.31,41.36
-110.31,41.37
-110.3,41.37
-110.29,41.37
-110.28,41.37
-110.27,41.37
-110.26,41.37
-110.25,41.37
-110.24,41.37
-110.24,41.38
-110.23,41.38
-110.22,41.38
-110.22,41.39
-110.21,41.39
-110.2,41.39
-110.19,41.39
-110.18,41.39
-110.18,41.4
-110.17,41.4
-110.16,41.4
-110.16,41.41
-110.15,41.41
-110.14,41.41
-110.14,41.42
-110.13,41.41
-110.13,41.42
-110.13,41.43
-110.12,41.43
-110.11,41.43
-110.1,41.43
-110.1,41.44
-110.09,41.44
-110.08,41.44
-110.08,41.45
-110.07,41.45
-110.07,41.46
-110.06,41.46
-110.05,41.46
-110.05,41.47
-110.04,41.47
-110.03,41.47
-110.03,41.48
-110.02,41.48
-110.02,41.49
-110.01,41.49
-110.01,41.5
-110.0,41.5
-109.99,41.51
-109.98,41.51
-109.97,41.52
-109.96,41.52
-109.95,41.53
-109.94,41.53
-109.93,41.53
-109.93,41.54
-109.92,41.54
-109.91,41.54
-109.9,41.54
-109.89,41.54
-109.88,41.54
-109.87,41.54
-109.86,41.54
-109.85,41.54
-109.84,41.54
-109.83,41.54
-109.82,41.54
-109.81,41.54
-109.8,41.54
-109.79,41.54
-109.78,41.54
-109.77,41.54
-109.76,41.54
-109.75,41.54
-109.74,41.54
-109.73,41.54
-109.72,41.54
-109.71,41.54
-109.7,41.54
-109.69,41.54
-109.68,41.54
-109.67,41.54
-109.66,41.54
-109.65,41.54
-109.64,41.54
-109.63,41.54
-109.62,41.55
-109.61,41.55
-109.6,41.55
-109.59,41.55
-109.59,41.56
-109.58,41.56
-109.57,41.56
-109.56,41.56
-109.55,41.56
-109.54,41.56
-109.53,41.56
-109.52,41.56
-109.51,41.55
-109.51,41.56
-109.5,41.55
-109.49,41.55
-109.48,41.54
-109.48,41.55
-109.47,41.53
-109.47,41.54
-109.46,41.53
-109.45,41.52
-109.45,41.53
-109.44,41.52
-109.44,41.53
-109.43,41.53
-109.42,41.53
-109.41,41.53
-109.4,41.53
-109.39,41.53
-109.38,41.53
-109.37,41.53
-109.37,41.54
-109.36,41.54
-109.35,41.54
-109.34,41.54
-109.34,41.55
-109.33,41.55
-109.32,41.55
-109.32,41.56
-109.31,41.56
-109.3,41.56
-109.29,41.57
-109.28,41.57
-109.27,41.57
-109.27,41.58
-109.26,41.58
-109.25,41.58
-109.25,41.59
-109.24,41.59
-109.24,41.6
-109.24,41.61
-109.23,41.61
-109.22,41.61
-109.21,41.6
-109.21,41.61
-109.2,41.59
-109.2,41.6
-109.19,41.59
-109.18,41.59
-109.18,41.6
-109.17,41.6
-109.16,41.6
-109.15,41.6
-109.15,41.61
-109.14,41.61
-109.13,41.61
-109.12,41.61
-109.12,41.62
-109.11,41.62
-109.1,41.62
-109.09,41.63
-109.08,41.63
-109.07,41.63
-109.06,41.63
-109.05,41.63
-109.05,41.64
-109.04,41.64
-109.03,41.64
-109.02,41.65
-109.01,41.65
-109.0,41.65
-109.0,41.66
-108.99,41.66
-108.98,41.66
-108.98,41.67
-108.97,41.67
-108.96,41.67
-108.95,41.67
-108.94,41.67
-108.93,41.67
-108.92,41.67
-108.92,41.68
-108.92,41.69
-108.91,41.69
-108.9,41.69
-108.89,41.69
-108.88,41.69
-108.87,41.69
-108.86,41.69
-108.85,41.69
-108.84,41.69
-108.83,41.69
-108.82,41.69
-108.81,41.68
-108.81,41.69
-108.8,41.68
-108.79,41.68
-108.78,41.68
-108.77,41.68
-108.76,41.68
-108.75,41.67
-108.75,41.68
-108.74,41.67
-108.73,41.66
-108.73,41.67
-108.72,41.66
-108.71,41.65
-108.71,41.66
-108.7,41.65
-108.69,41.65
-108.68,41.65
-108.67,41.65
-108.66,41.65
-108.65,41.65
-108.64,41.65
-108.63,41.65
-108.62,41.65
-108.61,41.65
-108.6,41.65
-108.59,41.65
-108.58,41.65
-108.57,41.65
-108.56,41.64
-108.55,41.64
-108.54,41.64
-108.53,41.64
-108.52,41.64
-108.51,41.64
-108.5,41.64
-108.49,41.64
-108.48,41.64
-108.47,41.64
-108.46,41.64
-108.45,41.64
-108.44,41.64
-108.43,41.64
-108.42,41.64
-108.41,41.64
-108.4,41.63
-108.4,41.64
-108.39,41.63
-108.38,41.63
-108.37,41.63
-108.36,41.63
-108.35,41.63
-108.34,41.63
-108.33,41.63
-108.32,41.63
-108.31,41.63
-108.3,41.63
-108.29,41.63
-108.28,41.63
-108.27,41.63
-108.26,41.63
-108.25,41.63
-108.25,41.64
-108.24,41.64
-108.23,41.64
-108.22,41.64
-108.21,41.64
-108.2,41.64
-108.19,41.64
-108.18,41.64
-108.17,41.64
-108.16,41.64
-108.16,41.65
-108.15,41.65
-108.14,41.65
-108.13,41.65
-108.12,41.65
-108.11,41.65
-108.11,41.66
-108.1,41.66
-108.09,41.66
-108.08,41.66
-108.07,41.66
-108.06,41.66
-108.05,41.66
-108.04,41.66
-108.04,41.67
-108.03,41.67
-108.02,41.67
-108.01,41.67
-108.0,41.67
-107.99,41.67
-107.98,41.67
-107.98,41.68
-107.97,41.68
-107.96,41.68
-107.96,41.69
-107.95,41.69
-107.94,41.69
-107.93,41.69
-107.93,41.7
-107.92,41.7
-107.91,41.7
-107.9,41.7
-107.89,41.7
-107.89,41.71
-107.88,41.71
-107.87,41.71
-107.86,41.7
-107.86,41.71
-107.85,41.7
-107.85,41.71
-107.84,41.7
-107.84,41.71
-107.83,41.7
-107.83,41.71
-107.82,41.71
-107.81,41.71
-107.8,41.71
-107.79,41.71
-107.79,41.72
-107.78,41.72
-107.77,41.72
-107.76,41.72
-107.75,41.72
-107.74,41.72
-107.74,41.73
-107.73,41.73
-107.72,41.73
-107.71,41.73
-107.7,41.73
-107.7,41.74
-107.69,41.74
-107.68,41.74
-107.67,41.74
-107.66,41.74
-107.65,41.74
-107.64,41.74
-107.63,41.74
-107.62,41.74
-107.62,41.75
-107.61,41.75
-107.6,41.75
-107.59,41.75
-107.58,41.75
-107.57,41.75
-107.56,41.75
-107.55,41.75
-107.55,41.76
-107.54,41.76
-107.53,41.76
-107.52,41.76
-107.51,41.76
-107.5,41.76
-107.5,41.77
-107.49,41.77
-107.48,41.77
-107.47,41.77
-107.46,41.77
-107.46,41.78
-107.45,41.78
-107.44,41.78
-107.43,41.78
-107.42,41.78
-107.41,41.78
-107.41,41.79
-107.4,41.79
-107.39,41.79
-107.38,41.79
-107.37,41.78
-107.37,41.79
-107.36,41.78
-107.35,41.78
-107.34,41.78
-107.33,41.78
-107.32,41.78
-107.31,41.78
-107.3,41.78
-107.29,41.78
-107.28,41.78
-107.27,41.78
-107.26,41.78
-107.25,41.78
-107.24,41.78
-107.23,41.78
-107.22,41.78
-107.21,41.78
-107.21,41.79
-107.2,41.79
-107.19,41.79
-107.18,41.79
-107.17,41.78
-107.17,41.79
-107.16,41.78
-107.15,41.78
-107.14,41.78
-107.13,41.78
-107.12,41.77
-107.12,41.78
-107.11,41.77
-107.1,41.77
-107.09,41.77
-107.08,41.77
-107.07,41.77
-107.06,41.77
-107.05,41.77
-107.04,41.77
-107.03,41.77
-107.02,41.76
-107.02,41.77
-107.01,41.76
-107.0,41.76
-106.99,41.76
-106.98,41.76
-106.97,41.75
-106.97,41.76
-106.96,41.75
-106.96,41.76
-106.95,41.75
-106.94,41.75
-106.93,41.75
-106.92,41.74
-106.92,41.75
-106.91,41.74
-106.9,41.74
-106.89,41.74
-106.88,41.74
-106.87,41.74
-106.86,41.74
-106.85,41.74
-106.84,41.74
-106.83,41.74
-106.82,41.74
-106.81,41.74
-106.8,41.74
-106.79,41.74
-106.78,41.74
-106.77,41.74
-106.76,41.74
-106.75,41.74
-106.74,41.73
-106.74,41.74
-106.73,41.73
-106.73,41.74
-106.72,41.73
-106.71,41.73
-106.7,41.73
-106.69,41.73
-106.68,41.73
-106.67,41.73
-106.66,41.73
-106.65,41.73
-106.64,41.73
-106.64,41.74
-106.63,41.74
-106.62,41.74
-106.61,41.74
-106.6,41.74
-106.59,41.74
-106.58,41.74
-106.57,41.74
-106.56,41.74
-106.55,41.74
-106.55,41.75
-106.54,41.75
-106.53,41.75
-106.52,41.75
-106.51,41.75
-106.5,41.74
-106.5,41.75
-106.49,41.73
-106.49,41.74
-106.48,41.73
-106.47,41.73
-106.46,41.72
-106.46,41.73
-106.45,41.72
-106.44,41.71
-106.44,41.72
-106.43,41.71
-106.42,41.71
-106.41,41.7
-106.41,41.71
-106.4,41.7
-106.39,41.69
-106.39,41.7
-106.38,41.68
-106.38,41.69
-106.38,41.7
-106.37,41.67
-106.37,41.68
-106.36,41.66
-106.36,41.67
-106.35,41.66
-106.34,41.65
-106.34,41.66
-106.33,41.65
-106.32,41.64
-106.32,41.65
-106.31,41.64
-106.3,41.64
-106.29,41.64
-106.28,41.63
-106.27,41.63
-106.26,41.62
-106.26,41.63
-106.25,41.62
-106.24,41.61
-106.24,41.62
-106.23,41.6
-106.23,41.61
-106.22,41.6
-106.21,41.6
-106.2,41.6
-106.19,41.59
-106.19,41.6
-106.18,41.59
-106.17,41.58
-106.17,41.59
-106.16,41.57
-106.16,41.58
-106.15,41.57
-106.14,41.56
-106.14,41.57
-106.13,41.56
-106.12,41.56
-106.11,41.56
-106.1,41.55
-106.1,41.56
-106.09,41.55
-106.08,41.54
-106.07,41.53
-106.06,41.51
-106.06,41.52
-106.06,41.53
-106.05,41.5
-106.05,41.51
-106.05,41.52
-106.04,41.49
-106.04,41.5
-106.03,41.48
-106.03,41.49
-106.02,41.48
-106.01,41.47
-106.01,41.48
-106.0,41.47
-105.99,41.46
-105.99,41.47
-105.98,41.45
-105.98,41.46
-105.97,41.45
-105.96,41.44
-105.96,41.45
-105.95,41.44
-105.94,41.44
-105.93,41.44
-105.92,41.44
-105.91,41.44
-105.9,41.43
-105.9,41.44
-105.89,41.43
-105.88,41.43
-105.87,41.42
-105.87,41.43
-105.86,41.42
-105.85,41.41
-105.85,41.42
-105.84,41.41
-105.83,41.4
-105.83,41.41
-105.82,41.38
-105.82,41.39
-105.81,41.38
-105.8,41.37
-105.8,41.38
-105.79,41.37
-105.78,41.36
-105.78,41.37
-105.77,41.36
-105.76,41.36
-105.75,41.35
-105.75,41.36
-105.74,41.35
-105.74,41.36
-105.73,41.35
-105.72,41.35
-105.71,41.35
-105.7,41.35
-105.69,41.35
-105.68,41.35
-105.67,41.35
-105.66,41.35
-105.65,41.35
-105.64,41.35
-105.63,41.34
-105.63,41.35
-105.62,41.32
-105.62,41.33
-105.62,41.34
-105.61,41.3
-105.61,41.31
-105.61,41.32
-105.6,41.3
-105.59,41.3
-105.58,41.29
-105.57,41.29
-105.56,41.29
-105.55,41.29
-105.54,41.29
-105.53,41.29
-105.52,41.28
-105.52,41.29
-105.51,41.27
-105.51,41.28
-105.5,41.27
-105.49,41.27
-105.48,41.27
-105.47,41.26
-105.47,41.27
-105.46,41.26
-105.45,41.25
-105.45,41.26
-105.44,41.2
-105.44,41.21
-105.44,41.22
-105.44,41.23
-105.44,41.24
-105.44,41.25
-105.43,41.19
-105.43,41.2
-105.42,41.17
-105.42,41.18
-105.42,41.19
-105.41,41.16
-105.41,41.17
-105.4,41.15
-105.4,41.16
-105.39,41.15
-105.38,41.14
-105.38,41.15
-105.37,41.14
-105.36,41.14
-105.35,41.13
-105.35,41.14
-105.34,41.13
-105.33,41.13
-105.32,41.13
-105.31,41.12
-105.31,41.13
-105.3,41.12
-105.29,41.12
-105.28,41.11
-105.28,41.12
-105.27,41.11
-105.26,41.11
-105.25,41.11
-105.24,41.1
-105.24,41.11
-105.23,41.1
-105.22,41.1
-105.21,41.1
-105.2,41.1
-105.19,41.1
-105.18,41.1
-105.17,41.1
-105.16,41.1
-105.15,41.1
-105.14,41.1
-105.13,41.1
-105.12,41.1
-105.11,41.1
-105.1,41.1
-105.09,41.1
-105.08,41.1
-105.07,41.1
-105.06,41.1
-105.05,41.1
-105.04,41.1
-105.03,41.1
-105.02,41.1
-105.01,41.1
-105.0,41.1
-105.0,41.11
-104.99,41.11
-104.98,41.11
-104.97,41.11
-104.96,41.11
-104.95,41.11
-104.94,41.11
-104.92,41.11
-104.92,41.12
-104.91,41.12
-104.9,41.12
-104.89,41.12
-104.88,41.12
-104.87,41.12
-104.86,41.11
-104.86,41.12
-104.85,41.11
-104.84,41.12
-104.83,41.12
-104.82,41.12
-104.81,41.12
-104.8,41.12
-104.79,41.12
-104.78,41.12
-104.77,41.12
-104.76,41.12
-104.75,41.12
-104.74,41.12
-104.74,41.13
-104.73,41.12
-104.73,41.13
-104.72,41.13
-104.71,41.13
-104.7,41.14
-104.69,41.14
-104.68,41.15
-104.67,41.15
-104.66,41.15
-104.66,41.16
-104.65,41.16
-104.64,41.16
-104.63,41.16
-104.62,41.16
-104.61,41.16
-104.6,41.16
-104.59,41.16
-104.58,41.16
-104.57,41.16
-104.56,41.16
-104.55,41.16
-104.54,41.16
-104.53,41.16
-104.52,41.16
-104.51,41.16
-104.5,41.16
-104.49,41.16
-104.48,41.16
-104.47,41.16
-104.46,41.16
-104.45,41.16
-104.44,41.16
-104.43,41.16
-104.42,41.16
-104.41,41.16
-104.4,41.16
-104.39,41.16
-104.38,41.16
-104.37,41.16
-104.36,41.16
-104.35,41.16
-104.34,41.16
-104.33,41.16
-104.32,41.16
-104.31,41.16
-104.3,41.16
-104.29,41.16
-104.28,41.16
-104.27,41.16
-104.26,41.16
-104.25,41.16
-104.24,41.16
-104.23,41.16
-104.22,41.16
-104.21,41.15
-104.21,41.16
-104.2,41.15
-104.19,41.15
-104.18,41.15
-104.17,41.15
-104.16,41.15
-104.15,41.15
-104.14,41.15
-104.13,41.15
-104.12,41.15
-104.11,41.15
-104.11,41.16
-104.1,41.16
-104.09,41.16
-104.09,41.17
-104.08,41.17
-104.08,41.18
-104.07,41.17
-104.07,41.18
-104.06,41.17
-104.06,41.18
-104.05,41.18
-104.04,41.18
-104.03,41.18
-104.03,41.19
-104.02,41.19
-104.01,41.19
-104.0,41.19
-103.99,41.19
-103.98,41.19
-103.97,41.19
-103.95,41.19
-103.94,41.19
-103.93,41.19
-103.91,41.19
-103.9,41.19
-103.89,41.19
-103.88,41.19
-103.87,41.19
-103.86,41.19
-103.85,41.19
-103.84,41.19
-103.83,41.19
-103.82,41.19
-103.81,41.19
-103.8,41.19
-103.78,41.19
-103.77,41.19
-103.76,41.19
-103.76,41.2
-103.75,41.2
-103.72,41.2
-103.72,41.21
-103.71,41.21
-103.7,41.21
-103.69,41.21
-103.68,41.21
-103.67,41.22
-103.66,41.22
-103.65,41.22
-103.64,41.22
-103.63,41.22
-103.62,41.22
-103.61,41.22
-103.6,41.22
-103.59,41.22
-103.58,41.22
-103.57,41.22
-103.56,41.22
-103.55,41.22
-103.54,41.22
-103.53,41.22
-103.52,41.22
-103.51,41.22
-103.5,41.22
-103.49,41.22
-103.48,41.22
-103.47,41.22
-103.46,41.22
-103.45,41.22
-103.44,41.22
-103.4,41.22
-103.39,41.22
-103.38,41.22
-103.37,41.22
-103.36,41.21
-103.36,41.22
-103.35,41.21
-103.33,41.21
-103.32,41.21
-103.31,41.2
-103.31,41.21
-103.3,41.2
-103.29,41.2
-103.28,41.2
-103.27,41.2
-103.26,41.2
-103.25,41.2
-103.24,41.2
-103.23,41.2
-103.22,41.2
-103.21,41.2
-103.2,41.2
-103.19,41.2
-103.18,41.19
-103.18,41.2
-103.17,41.19
-103.16,41.19
-103.15,41.19
-103.14,41.18
-103.14,41.19
-103.13,41.18
-103.12,41.17
-103.12,41.18
-103.11,41.17
-103.1,41.16
-103.1,41.17
-103.09,41.15
-103.09,41.16
-103.08,41.15
-103.07,41.14
-103.07,41.15
-103.06,41.14
-103.05,41.13
-103.05,41.14
-103.04,41.13
-103.03,41.12
-103.03,41.13
-103.02,41.12
-103.01,41.11
-103.01,41.12
-103.0,41.11
-102.99,41.11
-102.98,41.11
-102.97,41.11
-102.96,41.11
-102.95,41.11
-102.94,41.11
-102.93,41.11
-102.92,41.11
-102.91,41.11
-102.9,41.11
-102.9,41.12
-102.89,41.12
-102.88,41.11
-102.88,41.12
-102.87,41.11
-102.86,41.11
-102.85,41.11
-102.84,41.11
-102.83,41.11
-102.82,41.11
-102.81,41.11
-102.8,41.11
-102.79,41.11
-102.78,41.11
-102.77,41.11
-102.76,41.11
-102.75,41.11
-102.74,41.11
-102.73,41.11
-102.72,41.11
-102.7,41.11
-102.69,41.11
-102.67,41.11
-102.65,41.11
-102.64,41.11
-102.63,41.11
-102.62,41.11
-102.61,41.11
-102.6,41.11
-102.59,41.11
-102.58,41.11
-102.57,41.11
-102.56,41.11
-102.55,41.1
-102.55,41.11
-102.54,41.1
-102.53,41.1
-102.52,41.09
-102.51,41.09
-102.5,41.09
-102.49,41.08
-102.49,41.09
-102.48,41.08
-102.47,41.08
-102.46,41.07
-102.46,41.08
-102.45,41.06
-102.45,41.07
-102.44,41.06
-102.43,41.06
-102.42,41.05
-102.42,41.06
-102.41,41.05
-102.4,41.05
-102.39,41.05
-102.38,41.05
-102.37,41.05
-102.36,41.05
-102.35,41.05
-102.34,41.05
-102.33,41.05
-102.32,41.05
-102.31,41.05
-102.3,41.05
-102.29,41.04
-102.29,41.05
-102.28,41.04
-102.28,41.05
-102.27,41.04
-102.26,41.04
-102.25,41.04
-102.24,41.04
-102.23,41.04
-102.22,41.04
-102.21,41.03
-102.21,41.04
-102.2,41.03
-102.19,41.03
-102.18,41.03
-102.17,41.03
-102.16,41.03
-102.15,41.03
-102.14,41.03
-102.14,41.04
-102.13,41.04
-102.12,41.04
-102.11,41.04
-102.1,41.04
-102.09,41.04
-102.08,41.04
-102.08,41.05
-102.07,41.05
-102.06,41.05
-102.05,41.05
-102.05,41.06
-102.04,41.06
-102.03,41.06
-102.02,41.06
-102.01,41.06
-102.0,41.06
-101.99,41.06
-101.98,41.06
-101.98,41.07
-101.97,41.07
-101.96,41.07
-101.95,41.07
-101.94,41.07
-101.93,41.07
-101.93,41.08
-101.92,41.08
-101.91,41.08
-101.9,41.08
-101.89,41.08
-101.88,41.08
-101.87,41.08
-101.86,41.08
-101.86,41.09
-101.85,41.09
-101.84,41.09
-101.83,41.09
-101.82,41.09
-101.82,41.1
-101.81,41.1
-101.8,41.1
-101.79,41.1
-101.78,41.1
-101.77,41.1
-101.77,41.11
-101.76,41.11
-101.75,41.11
-101.74,41.11
-101.73,41.11
-101.73,41.12
-101.72,41.12
-101.71,41.11
-101.71,41.12
-101.7,41.12
-101.69,41.12
-101.68,41.12
-101.67,41.12
-101.66,41.12
-101.65,41.12
-101.64,41.12
-101.63,41.12
-101.62,41.12
-101.61,41.12
-101.6,41.12
-101.59,41.12
-101.58,41.12
-101.57,41.12
-101.56,41.12
-101.55,41.12
-101.54,41.12
-101.53,41.11
-101.53,41.12
-101.52,41.11
-101.51,41.11
-101.5,41.11
-101.49,41.1
-101.49,41.11
-101.48,41.1
-101.47,41.1
-101.46,41.1
-101.46,41.11
-101.45,41.11
-101.44,41.11
-101.43,41.11
-101.42,41.11
-101.41,41.11
-101.4,41.11
-101.39,41.11
-101.38,41.11
-101.37,41.11
-101.36,41.11
-101.35,41.11
-101.34,41.11
-101.33,41.11
-101.32,41.11
-101.31,41.11
-101.31,41.12
-101.3,41.12
-101.29,41.12
-101.28,41.12
-101.27,41.12
-101.26,41.12
-101.25,41.12
-101.24,41.12
-101.24,41.13
-101.23,41.13
-101.22,41.13
-101.22,41.14
-101.21,41.14
-101.2,41.14
-101.19,41.14
-101.18,41.14
-101.17,41.14
-101.16,41.14
-101.15,41.14
-101.14,41.14
-101.13,41.14
-101.12,41.14
-101.11,41.14
-101.1,41.14
-101.09,41.14
-101.08,41.14
-101.07,41.14
-101.06,41.14
-101.05,41.14
-101.04,41.14
-101.03,41.14
-101.02,41.14
-101.01,41.14
-101.0,41.14
-100.99,41.14
-100.98,41.14
-100.97,41.14
-100.96,41.14
-100.95,41.13
-100.95,41.14
-100.94,41.13
-100.93,41.13
-100.92,41.13
-100.91,41.13
-100.9,41.12
-100.9,41.13
-100.89,41.12
-100.88,41.12
-100.87,41.12
-100.86,41.12
-100.85,41.12
-100.84,41.12
-100.83,41.11
-100.83,41.12
-100.82,41.11
-100.81,41.11
-100.8,41.11
-100.79,41.11
-100.78,41.11
-100.77,41.11
-100.76,41.11
-100.75,41.11
-100.74,41.11
-100.73,41.11
-100.72,41.1
-100.72,41.11
-100.71,41.1
-100.7,41.1
-100.69,41.1
-100.68,41.1
-100.67,41.1
-100.66,41.09
-100.66,41.1
-100.65,41.09
-100.64,41.09
-100.63,41.08
-100.63,41.09
-100.62,41.08
-100.62,41.09
-100.61,41.08
-100.6,41.07
-100.6,41.08
-100.59,41.07
-100.58,41.07
-100.57,41.06
-100.56,41.06
-100.55,41.06
-100.54,41.05
-100.54,41.06
-100.53,41.05
-100.52,41.05
-100.51,41.05
-100.5,41.04
-100.5,41.05
-100.49,41.04
-100.48,41.04
-100.47,41.03
-100.47,41.04
-100.46,41.03
-100.45,41.03
-100.44,41.02
-100.44,41.03
-100.43,41.02
-100.42,41.02
-100.41,41.01
-100.41,41.02
-100.4,41.01
-100.39,41.01
-100.38,41.0
-100.38,41.01
-100.37,41.0
-100.36,41.0
-100.35,40.99
-100.35,41.0
-100.34,40.99
-100.33,40.99
-100.32,40.99
-100.31,40.99
-100.3,40.98
-100.3,40.99
-100.29,40.97
-100.29,40.98
-100.28,40.96
-100.28,40.97
-100.27,40.96
-100.26,40.96
-100.25,40.95
-100.24,40.95
-100.23,40.94
-100.22,40.94
-100.21,40.94
-100.2,40.93
-100.19,40.92
-100.19,40.93
-100.18,40.92
-100.17,40.91
-100.17,40.92
-100.16,40.91
-100.15,40.91
-100.14,40.9
-100.14,40.91
-100.13,40.9
-100.12,40.89
-100.12,40.9
-100.11,40.89
-100.1,40.89
-100.09,40.88
-100.09,40.89
-100.08,40.88
-100.07,40.88
-100.06,40.87
-100.06,40.88
-100.05,40.87
-100.04,40.87
-100.03,40.86
-100.03,40.87
-100.02,40.86
-100.01,40.85
-100.01,40.86
-100.0,40.85
-99.99,40.84
-99.99,40.85
-99.98,40.84
-99.97,40.84
-99.96,40.83
-99.96,40.84
-99.95,40.83
-99.94,40.83
-99.93,40.82
-99.92,40.82
-99.91,40.81
-99.91,40.82
-99.9,40.81
-99.89,40.8
-99.89,40.81
-99.88,40.8
-99.87,40.79
-99.87,40.8
-99.86,40.79
-99.85,40.78
-99.84,40.77
-99.84,40.78
-99.83,40.77
-99.82,40.77
-99.81,40.76
-99.81,40.77
-99.8,40.76
-99.79,40.75
-99.79,40.76
-99.78,40.75
-99.77,40.75
-99.76,40.75
-99.75,40.74
-99.74,40.74
-99.73,40.74
-99.72,40.73
-99.72,40.74
-99.71,40.73
-99.7,40.72
-99.7,40.73
-99.69,40.72
-99.68,40.71
-99.68,40.72
-99.67,40.71
-99.66,40.71
-99.65,40.7
-99.65,40.71
-99.64,40.7
-99.63,40.7
-99.62,40.7
-99.61,40.7
-99.6,40.7
-99.59,40.7
-99.58,40.69
-99.57,40.69
-99.56,40.69
-99.55,40.69
-99.54,40.69
-99.53,40.69
-99.52,40.69
-99.51,40.69
-99.5,40.69
-99.49,40.69
-99.48,40.69
-99.47,40.69
-99.46,40.69
-99.45,40.69
-99.45,40.7
-99.44,40.69
-99.44,40.7
-99.43,40.69
-99.42,40.69
-99.41,40.69
-99.4,40.69
-99.39,40.69
-99.38,40.69
-99.37,40.69
-99.36,40.69
-99.35,40.69
-99.34,40.69
-99.33,40.69
-99.32,40.68
-99.32,40.69
-99.31,40.68
-99.3,40.68
-99.29,40.68
-99.28,40.68
-99.27,40.68
-99.26,40.68
-99.25,40.67
-99.25,40.68
-99.24,40.67
-99.23,40.67
-99.22,40.67
-99.21,40.67
-99.2,40.67
-99.19,40.67
-99.18,40.67
-99.17,40.67
-99.16,40.67
-99.15,40.67
-99.14,40.67
-99.13,40.67
-99.12,40.67
-99.11,40.67
-99.1,40.67
-99.09,40.67
-99.08,40.67
-99.07,40.67
-99.05,40.67
-99.04,40.67
-99.03,40.67
-99.02,40.67
-99.01,40.67
-99.0,40.68
-98.99,40.68
-98.98,40.68
-98.97,40.68
-98.96,40.68
-98.96,40.69
-98.95,40.69
-98.94,40.69
-98.93,40.69
-98.92,40.69
-98.91,40.69
-98.9,40.69
-98.89,40.69
-98.88,40.69
-98.87,40.69
-98.87,40.7
-98.86,40.7
-98.85,40.7
-98.84,40.7
-98.84,40.71
-98.83,40.71
-98.82,40.71
-98.81,40.71
-98.8,40.71
-98.8,40.72
-98.79,40.72
-98.78,40.72
-98.77,40.72
-98.76,40.72
-98.75,40.72
-98.74,40.72
-98.73,40.72
-98.72,40.72
-98.71,40.72
-98.7,40.72
-98.69,40.72
-98.68,40.72
-98.68,40.73
-98.67,40.73
-98.66,40.73
-98.65,40.73
-98.65,40.74
-98.64,40.74
-98.63,40.74
-98.62,40.75
-98.61,40.75
-98.61,40.76
-98.6,40.76
-98.59,40.76
-98.58,40.76
-98.58,40.77
-98.57,40.77
-98.56,40.77
-98.55,40.77
-98.55,40.78
-98.54,40.78
-98.53,40.78
-98.53,40.79
-98.52,40.79
-98.51,40.79
-98.51,40.8
-98.5,40.8
-98.49,40.8
-98.48,40.8
-98.47,40.8
-98.47,40.81
-98.46,40.81
-98.45,40.81
-98.44,40.81
-98.43,40.82
-98.42,40.82
-98.41,40.82
-98.4,40.82
-98.39,40.82
-98.38,40.82
-98.37,40.82
-98.36,40.82
-98.35,40.82
-98.35,40.83
-98.34,40.83
-98.33,40.82
-98.33,40.83
-98.32,40.82
-98.31,40.82
-98.3,40.82
-98.29,40.82
-98.28,40.82
-98.27,40.82
-98.26,40.82
-98.25,40.82
-98.24,40.82
-98.23,40.82
-98.22,40.82
-98.21,40.82
-98.2,40.82
-98.19,40.82
-98.18,40.82
-98.17,40.82
-98.16,40.82
-98.15,40.82
-98.14,40.82
-98.13,40.82
-98.12,40.82
-98.11,40.82
-98.1,40.82
-98.09,40.82
-98.08,40.82
-98.07,40.82
-98.06,40.82
-98.05,40.82
-98.04,40.82
-98.03,40.82
-98.02,40.82
-98.01,40.82
-98.0,40.82
-97.99,40.82
-97.98,40.82
-97.97,40.82
-97.96,40.82
-97.95,40.82
-97.94,40.82
-97.93,40.82
-97.92,40.82
-97.91,40.82
-97.9,40.82
-97.89,40.82
-97.88,40.82
-97.87,40.82
-97.86,40.82
-97.85,40.82
-97.84,40.82
-97.83,40.82
-97.82,40.82
-97.81,40.82
-97.8,40.82
-97.79,40.82
-97.78,40.82
-97.77,40.82
-97.76,40.82
-97.75,40.82
-97.74,40.82
-97.72,40.82
-97.71,40.82
-97.7,40.82
-97.69,40.82
-97.68,40.82
-97.67,40.82
-97.66,40.82
-97.65,40.82
-97.64,40.82
-97.63,40.82
-97.62,40.82
-97.61,40.82
-97.6,40.82
-97.59,40.82
-97.58,40.82
-97.57,40.82
-97.56,40.82
-97.55,40.82
-97.54,40.82
-97.53,40.82
-97.52,40.82
-97.51,40.82
-97.5,40.82
-97.49,40.82
-97.48,40.82
-97.47,40.82
-97.46,40.82
-97.45,40.82
-97.44,40.82
-97.43,40.82
-97.42,40.82
-97.41,40.82
-97.4,40.82
-97.39,40.82
-97.38,40.82
-97.37,40.82
-97.36,40.82
-97.35,40.82
-97.34,40.82
-97.33,40.82
-97.32,40.82
-97.31,40.82
-97.3,40.82
-97.29,40.82
-97.28,40.82
-97.27,40.82
-97.26,40.82
-97.25,40.82
-97.24,40.82
-97.23,40.82
-97.22,40.82
-97.21,40.82
-97.2,40.82
-97.19,40.82
-97.18,40.82
-97.17,40.82
-97.16,40.82
-97.15,40.82
-97.14,40.82
-97.13,40.82
-97.12,40.82
-97.11,40.82
-97.1,40.82
-97.09,40.82
-97.08,40.82
-97.07,40.82
-97.06,40.82
-97.05,40.82
-97.04,40.82
-97.03,40.82
-97.02,40.82
-97.01,40.82
-97.0,40.82
-96.99,40.82
-96.98,40.82
-96.97,40.82
-96.96,40.82
-96.95,40.82
-96.94,40.82
-96.93,40.82
-96.92,40.82
-96.91,40.82
-96.9,40.82
-96.89,40.82
-96.88,40.82
-96.87,40.82
-96.86,40.82
-96.85,40.82
-96.84,40.82
-96.83,40.82
-96.82,40.82
-96.81,40.82
-96.8,40.82
-96.79,40.82
-96.78,40.82
-96.77,40.82
-96.76,40.82
-96.75,40.82
-96.75,40.83
-96.74,40.83
-96.74,40.84
-96.73,40.84
-96.73,40.85
-96.72,40.86
-96.71,40.86
-96.71,40.87
-96.7,40.87
-96.69,40.88
-96.68,40.88
-96.68,40.89
-96.67,40.89
-96.67,40.9
-96.66,40.9
-96.65,40.9
-96.64,40.9
-96.63,40.9
-96.62,40.9
-96.61,40.9
-96.6,40.9
-96.59,40.9
-96.58,40.9
-96.57,40.9
-96.56,40.89
-96.55,40.89
-96.55,40.9
-96.54,40.9
-96.53,40.9
-96.52,40.9
-96.5,40.91
-96.49,40.91
-96.48,40.91
-96.47,40.92
-96.46,40.92
-96.45,40.93
-96.44,40.93
-96.44,40.94
-96.43,40.94
-96.42,40.95
-96.41,40.95
-96.41,40.96
-96.4,40.96
-96.4,40.97
-96.39,40.97
-96.38,40.97
-96.38,40.98
-96.37,40.98
-96.37,40.99
-96.36,40.99
-96.35,40.99
-96.35,41.0
-96.34,41.0
-96.33,41.0
-96.32,41.0
-96.32,41.01
-96.31,41.01
-96.31,41.02
-96.3,41.02
-96.3,41.03
-96.3,41.05
-96.3,41.06
-96.29,41.03
-96.29,41.04
-96.29,41.05
-96.29,41.06
-96.29,41.07
-96.28,41.07
-96.28,41.08
-96.27,41.08
-96.27,41.09
-96.26,41.09
-96.25,41.09
-96.25,41.1
-96.24,41.1
-96.23,41.1
-96.23,41.11
-96.22,41.11
-96.22,41.12
-96.21,41.12
-96.2,41.12
-96.2,41.13
-96.19,41.13
-96.18,41.13
-96.17,41.13
-96.17,41.14
-96.16,41.14
-96.16,41.15
-96.15,41.15
-96.15,41.16
-96.14,41.16
-96.13,41.16
-96.13,41.17
-96.12,41.17
-96.12,41.18
-96.11,41.18
-96.11,41.19
-96.1,41.19
-96.1,41.2
-96.09,41.2
-96.09,41.21
-96.09,41.22
-96.08,41.22
-96.07,41.22
-96.06,41.22
-96.05,41.22
-96.04,41.22
-96.03,41.22
-96.02,41.22
-96.01,41.22
-96.0,41.22
-95.99,41.22
-95.98,41.22
-95.97,41.22
-95.97,41.23
-95.96,41.23
-95.95,41.23
-95.94,41.23
-95.93,41.23
-95.92,41.23
-95.91,41.23
-95.9,41.23
-95.89,41.23
-95.88,41.23
-95.87,41.23
-95.86,41.23
-95.85,41.23
-95.84,41.23
-95.83,41.23
-95.83,41.24
-95.82,41.24
-95.82,41.25
-95.81,41.25
-95.8,41.26
-95.8,41.27
-95.79,41.27
-95.79,41.28
-95.78,41.28
-95.78,41.29
-95.77,41.3
-95.76,41.31
-95.76,41.32
-95.75,41.32
-95.75,41.33
-95.74,41.33
-95.74,41.34
-95.73,41.34
-95.72,41.34
-95.71,41.34
-95.71,41.35
-95.7,41.35
-95.7,41.36
-95.69,41.36
-95.69,41.37
-95.68,41.37
-95.68,41.38
-95.67,41.38
-95.67,41.39
-95.67,41.4
-95.66,41.4
-95.66,41.41
-95.65,41.41
-95.65,41.42
-95.64,41.42
-95.63,41.43
-95.62,41.43
-95.62,41.44
-95.61,41.44
-95.61,41.45
-95.6,41.45
-95.6,41.46
-95.6,41.47
-95.59,41.47
-95.59,41.48
-95.59,41.49
-95.59,41.5
-95.58,41.49
-95.58,41.5
-95.57,41.5
-95.56,41.5
-95.55,41.5
-95.54,41.5
-95.53,41.5
-95.52,41.5
-95.51,41.5
-95.5,41.5
-95.49,41.5
-95.48,41.5
-95.47,41.5
-95.46,41.5
-95.45,41.5
-95.44,41.5
-95.43,41.5
-95.42,41.5
-95.41,41.5
-95.4,41.5
-95.39,41.5
-95.38,41.5
-95.37,41.5
-95.36,41.5
-95.35,41.5
-95.34,41.5
-95.33,41.5
-95.32,41.5
-95.31,41.5
-95.3,41.5
-95.29,41.5
-95.28,41.5
-95.27,41.5
-95.26,41.5
-95.25,41.5
-95.24,41.5
-95.23,41.5
-95.22,41.5
-95.21,41.5
-95.2,41.5
-95.19,41.5
-95.18,41.5
-95.17,41.5
-95.16,41.5
-95.15,41.5
-95.14,41.5
-95.13,41.5
-95.12,41.5
-95.11,41.5
-95.1,41.5
-95.09,41.5
-95.08,41.5
-95.07,41.5
-95.06,41.5
-95.05,41.5
-95.04,41.5
-95.03,41.5
-95.02,41.5
-95.01,41.5
-95.0,41.5
-94.99,41.5
-94.98,41.5
-94.97,41.5
-94.96,41.5
-94.95,41.5
-94.94,41.5
-94.93,41.5
-94.92,41.5
-94.91,41.5
-94.9,41.5
-94.89,41.5
-94.88,41.5
-94.87,41.5
-94.86,41.5
-94.85,41.5
-94.84,41.5
-94.83,41.5
-94.82,41.5
-94.81,41.5
-94.8,41.5
-94.79,41.5
-94.78,41.5
-94.77,41.5
-94.76,41.5
-94.75,41.5
-94.74,41.5
-94.73,41.5
-94.72,41.5
-94.71,41.5
-94.7,41.5
-94.69,41.5
-94.68,41.49
-94.68,41.5
-94.67,41.49
-94.66,41.49
-94.65,41.49
-94.64,41.49
-94.63,41.49
-94.62,41.49
-94.61,41.49
-94.6,41.49
-94.59,41.49
-94.59,41.5
-94.58,41.5
-94.57,41.5
-94.56,41.5
-94.55,41.5
-94.54,41.5
-94.53,41.5
-94.52,41.5
-94.51,41.5
-94.5,41.5
-94.49,41.5
-94.48,41.5
-94.47,41.5
-94.46,41.5
-94.45,41.5
-94.44,41.5
-94.43,41.5
-94.42,41.5
-94.41,41.5
-94.4,41.5
-94.39,41.5
-94.38,41.5
-94.37,41.49
-94.37,41.5
-94.36,41.49
-94.35,41.49
-94.34,41.49
-94.33,41.49
-94.32,41.49
-94.31,41.49
-94.3,41.49
-94.29,41.49
-94.28,41.49
-94.27,41.49
-94.26,41.49
-94.25,41.49
-94.24,41.49
-94.23,41.49
-94.22,41.49
-94.22,41.5
-94.21,41.5
-94.21,41.51
-94.2,41.51
-94.19,41.52
-94.18,41.52
-94.17,41.52
-94.16,41.52
-94.15,41.52
-94.14,41.52
-94.13,41.52
-94.12,41.52
-94.11,41.52
-94.1,41.52
-94.09,41.52
-94.08,41.52
-94.07,41.52
-94.06,41.52
-94.06,41.53
-94.05,41.53
-94.04,41.53
-94.04,41.54
-94.03,41.54
-94.02,41.54
-94.01,41.54
-94.0,41.54
-93.99,41.54
-93.98,41.54
-93.97,41.54
-93.97,41.55
-93.96,41.55
-93.95,41.55
-93.94,41.55
-93.93,41.55
-93.92,41.55
-93.92,41.56
-93.91,41.56
-93.9,41.56
-93.89,41.56
-93.88,41.56
-93.87,41.56
-93.87,41.57
-93.86,41.57
-93.85,41.57
-93.84,41.57
-93.84,41.58
-93.83,41.58
-93.82,41.58
-93.82,41.59
-93.81,41.59
-93.8,41.59
-93.79,41.59
-93.78,41.59
-93.78,41.6
-93.78,41.61
-93.78,41.62
-93.78,41.63
-93.78,41.64
-93.78,41.65
-93.77,41.65
-93.76,41.65
-93.75,41.65
-93.74,41.65
-93.73,41.65
-93.72,41.65
-93.71,41.65
-93.7,41.65
-93.69,41.65
-93.68,41.65
-93.67,41.65
-93.66,41.65
-93.65,41.65
-93.64,41.65
-93.63,41.65
-93.62,41.65
-93.61,41.65
-93.6,41.65
-93.59,41.65
-93.58,41.65
-93.57,41.65
-93.56,41.65
-93.56,41.66
-93.55,41.66
-93.54,41.66
-93.53,41.66
-93.52,41.66
-93.51,41.66
-93.5,41.66
-93.49,41.66
-93.48,41.66
-93.47,41.66
-93.47,41.67
-93.46,41.67
-93.45,41.67
-93.44,41.67
-93.43,41.67
-93.43,41.68
-93.42,41.68
-93.41,41.68
-93.4,41.68
-93.39,41.68
-93.38,41.68
-93.37,41.68
-93.36,41.68
-93.35,41.68
-93.34,41.68
-93.33,41.68
-93.32,41.68
-93.31,41.68
-93.3,41.68
-93.29,41.68
-93.29,41.69
-93.28,41.69
-93.27,41.69
-93.26,41.69
-93.25,41.69
-93.24,41.69
-93.23,41.69
-93.23,41.7
-93.22,41.7
-93.21,41.7
-93.2,41.7
-93.19,41.69
-93.19,41.7
-93.18,41.69
-93.17,41.69
-93.16,41.68
-93.16,41.69
-93.15,41.68
-93.14,41.68
-93.13,41.68
-93.12,41.68
-93.11,41.68
-93.1,41.68
-93.09,41.68
-93.08,41.68
-93.07,41.68
-93.06,41.68
-93.05,41.68
-93.04,41.68
-93.03,41.68
-93.02,41.68
-93.01,41.68
-93.0,41.68
-92.99,41.68
-92.98,41.68
-92.97,41.68
-92.96,41.68
-92.95,41.68
-92.94,41.68
-92.93,41.68
-92.92,41.68
-92.91,41.68
-92.9,41.68
-92.89,41.68
-92.89,41.69
-92.88,41.69
-92.87,41.69
-92.86,41.69
-92.86,41.7
-92.85,41.69
-92.85,41.7
-92.84,41.69
-92.84,41.7
-92.83,41.7
-92.82,41.7
-92.81,41.7
-92.8,41.7
-92.79,41.7
-92.78,41.7
-92.77,41.7
-92.76,41.7
-92.75,41.7
-92.74,41.7
-92.73,41.7
-92.72,41.7
-92.71,41.69
-92.71,41.7
-92.7,41.7
-92.69,41.7
-92.68,41.7
-92.67,41.7
-92.66,41.7
-92.65,41.7
-92.64,41.7
-92.63,41.7
-92.62,41.7
-92.61,41.7
-92.6,41.7
-92.59,41.7
-92.58,41.7
-92.57,41.7
-92.56,41.7
-92.55,41.7
-92.54,41.7
-92.53,41.7
-92.52,41.7
-92.51,41.69
-92.51,41.7
-92.5,41.69
-92.49,41.69
-92.48,41.69
-92.47,41.69
-92.47,41.7
-92.46,41.7
-92.45,41.7
-92.44,41.7
-92.43,41.7
-92.42,41.7
-92.41,41.7
-92.4,41.7
-92.39,41.7
-92.38,41.7
-92.37,41.7
-92.36,41.7
-92.35,41.7
-92.34,41.7
-92.33,41.7
-92.32,41.7
-92.31,41.7
-92.3,41.7
-92.29,41.7
-92.28,41.7
-92.27,41.7
-92.26,41.7
-92.25,41.7
-92.24,41.7
-92.23,41.7
-92.22,41.7
-92.21,41.7
-92.2,41.7
-92.19,41.7
-92.18,41.7
-92.17,41.7
-92.16,41.7
-92.15,41.7
-92.14,41.69
-92.14,41.7
-92.13,41.69
-92.12,41.69
-92.11,41.69
-92.1,41.69
-92.09,41.69
-92.08,41.69
-92.07,41.69
-92.06,41.69
-92.05,41.69
-92.03,41.69
-92.02,41.69
-92.01,41.69
-92.0,41.69
-91.99,41.69
-91.98,41.69
-91.97,41.69
-91.96,41.69
-91.95,41.69
-91.94,41.69
-91.93,41.69
-91.92,41.69
-91.91,41.69
-91.9,41.69
-91.89,41.69
-91.88,41.69
-91.87,41.69
-91.86,41.69
-91.85,41.69
-91.84,41.69
-91.83,41.69
-91.82,41.69
-91.81,41.69
-91.8,41.69
-91.79,41.69
-91.78,41.69
-91.77,41.69
-91.76,41.69
-91.75,41.69
-91.74,41.69
-91.73,41.7
-91.72,41.7
-91.7,41.69
-91.7,41.7
-91.69,41.69
-91.68,41.69
-91.67,41.69
-91.66,41.69
-91.65,41.69
-91.64,41.69
-91.63,41.69
-91.62,41.69
-91.61,41.69
-91.6,41.69
-91.59,41.69
-91.58,41.69
-91.57,41.69
-91.56,41.69
-91.55,41.69
-91.54,41.69
-91.53,41.69
-91.52,41.69
-91.51,41.69
-91.5,41.69
-91.49,41.69
-91.48,41.68
-91.48,41.69
-91.47,41.68
-91.46,41.68
-91.45,41.67
-91.44,41.67
-91.43,41.67
-91.42,41.67
-91.41,41.67
-91.4,41.67
-91.39,41.67
-91.38,41.67
-91.37,41.67
-91.36,41.66
-91.36,41.67
-91.35,41.66
-91.34,41.66
-91.33,41.66
-91.32,41.66
-91.31,41.66
-91.3,41.66
-91.29,41.66
-91.28,41.66
-91.26,41.66
-91.25,41.66
-91.24,41.66
-91.23,41.66
-91.22,41.66
-91.21,41.66
-91.2,41.66
-91.19,41.65
-91.19,41.66
-91.18,41.65
-91.17,41.65
-91.16,41.65
-91.15,41.65
-91.14,41.65
-91.13,41.65
-91.12,41.64
-91.12,41.65
-91.11,41.64
-91.11,41.65
-91.1,41.64
-91.09,41.64
-91.08,41.64
-91.07,41.64
-91.06,41.64
-91.05,41.64
-91.04,41.64
-91.03,41.63
-91.03,41.64
-91.02,41.63
-91.01,41.63
-91.0,41.63
-90.99,41.63
-90.98,41.63
-90.96,41.63
-90.95,41.63
-90.94,41.63
-90.93,41.63
-90.92,41.63
-90.91,41.63
-90.9,41.63
-90.89,41.63
-90.88,41.63
-90.87,41.63
-90.86,41.63
-90.85,41.63
-90.84,41.63
-90.83,41.63
-90.82,41.63
-90.81,41.62
-90.81,41.63
-90.8,41.62
-90.79,41.62
-90.78,41.61
-90.78,41.62
-90.77,41.61
-90.76,41.61
-90.75,41.61
-90.74,41.61
-90.73,41.6
-90.73,41.61
-90.72,41.6
-90.71,41.6
-90.7,41.6
-90.69,41.6
-90.68,41.6
-90.67,41.6
-90.66,41.6
-90.65,41.6
-90.64,41.6
-90.63,41.6
-90.62,41.6
-90.61,41.6
-90.6,41.6
-90.59,41.6
-90.58,41.6
-90.57,41.6
-90.56,41.59
-90.56,41.6
-90.55,41.59
-90.55,41.6
-90.54,41.6
-90.53,41.6
-90.52,41.6
-90.51,41.6
-90.5,41.6
-90.49,41.6
-90.48,41.6
-90.47,41.6
-90.46,41.6
-90.45,41.6
-90.44,41.6
-90.43,41.6
-90.42,41.6
-90.41,41.6
-90.4,41.6
-90.39,41.6
-90.38,41.59
-90.38,41.6
-90.37,41.58
-90.37,41.59
-90.36,41.57
-90.36,41.58
-90.35,41.56
-90.35,41.57
-90.34,41.45
-90.34,41.46
-90.34,41.47
-90.34,41.48
-90.34,41.49
-90.34,41.5
-90.34,41.51
-90.34,41.52
-90.34,41.53
-90.34,41.54
-90.34,41.55
-90.34,41.56
-90.33,41.44
-90.33,41.45
-90.32,41.44
-90.31,41.44
-90.3,41.44
-90.29,41.44
-90.28,41.44
-90.27,41.44
-90.26,41.44
-90.25,41.44
-90.24,41.44
-90.23,41.44
-90.22,41.44
-90.21,41.44
-90.2,41.44
-90.19,41.44
-90.18,41.44
-90.17,41.44
-90.16,41.43
-90.15,41.42
-90.15,41.43
-90.14,41.42
-90.13,41.42
-90.12,41.42
-90.11,41.41
-90.11,41.42
-90.1,41.41
-90.1,41.42
-90.09,41.41
-90.08,41.41
-90.07,41.41
-90.06,41.41
-90.05,41.41
-90.04,41.41
-90.03,41.41
-90.02,41.41
-90.01,41.41
-90.0,41.4
-90.0,41.41
-89.99,41.4
-89.99,41.41
-89.98,41.41
-89.97,41.41
-89.96,41.41
-89.96,41.42
-89.95,41.42
-89.94,41.42
-89.93,41.41
-89.93,41.42
-89.92,41.41
-89.91,41.4
-89.91,41.41
-89.9,41.4
-89.89,41.4
-89.88,41.4
-89.87,41.4
-89.86,41.39
-89.85,41.39
-89.84,41.39
-89.83,41.39
-89.82,41.39
-89.81,41.39
-89.8,41.39
-89.79,41.39
-89.78,41.39
-89.77,41.39
-89.76,41.39
-89.75,41.39
-89.74,41.39
-89.73,41.39
-89.72,41.39
-89.71,41.39
-89.7,41.39
-89.69,41.39
-89.68,41.39
-89.67,41.39
-89.66,41.39
-89.65,41.39
-89.64,41.39
-89.63,41.39
-89.62,41.39
-89.61,41.39
-89.6,41.39
-89.59,41.39
-89.58,41.39
-89.57,41.39
-89.56,41.39
-89.55,41.39
-89.54,41.39
-89.53,41.39
-89.52,41.39
-89.51,41.39
-89.5,41.39
-89.5,41.4
-89.49,41.4
-89.48,41.4
-89.47,41.4
-89.46,41.4
-89.45,41.4
-89.44,41.4
-89.43,41.4
-89.42,41.4
-89.41,41.4
-89.4,41.4
-89.39,41.4
-89.38,41.4
-89.37,41.4
-89.36,41.4
-89.35,41.4
-89.34,41.4
-89.33,41.4
-89.32,41.4
-89.31,41.4
-89.3,41.39
-89.3,41.4
-89.29,41.39
-89.28,41.39
-89.27,41.38
-89.27,41.39
-89.26,41.38
-89.25,41.37
-89.25,41.38
-89.24,41.37
-89.23,41.37
-89.22,41.37
-89.21,41.37
-89.2,41.36
-89.19,41.36
-89.18,41.36
-89.17,41.36
-89.16,41.36
-89.15,41.36
-89.15,41.37
-89.14,41.36
-89.14,41.37
-89.13,41.37
-89.12,41.37
-89.11,41.37
-89.1,41.37
-89.09,41.37
-89.08,41.37
-89.07,41.37
-89.06,41.37
-89.05,41.37
-89.04,41.37
-89.03,41.37
-89.02,41.37
-89.01,41.37
-89.0,41.37
-88.99,41.37
-88.98,41.37
-88.97,41.37
-88.96,41.37
-88.95,41.37
-88.94,41.37
-88.93,41.37
-88.92,41.37
-88.91,41.37
-88.9,41.37
-88.89,41.37
-88.88,41.37
-88.87,41.37
-88.86,41.37
-88.85,41.37
-88.84,41.37
-88.84,41.38
-88.83,41.38
-88.82,41.38
-88.81,41.38
-88.8,41.38
-88.79,41.38
-88.78,41.38
-88.77,41.38
-88.76,41.38
-88.75,41.38
-88.74,41.38
-88.73,41.38
-88.72,41.38
-88.71,41.38
-88.7,41.38
-88.69,41.38
-88.68,41.38
-88.67,41.38
-88.66,41.38
-88.65,41.38
-88.64,41.38
-88.63,41.38
-88.62,41.38
-88.61,41.38
-88.6,41.38
-88.59,41.38
-88.58,41.38
-88.57,41.38
-88.56,41.38
-88.55,41.38
-88.54,41.38
-88.53,41.38
-88.52,41.38
-88.51,41.38
-88.5,41.38
-88.49,41.38
-88.48,41.38
-88.47,41.38
-88.46,41.38
-88.45,41.38
-88.44,41.38
-88.43,41.38
-88.43,41.39
-88.42,41.39
-88.41,41.39
-88.41,41.4
-88.4,41.4
-88.39,41.41
-88.38,41.41
-88.37,41.42
-88.36,41.42
-88.36,41.43
-88.35,41.43
-88.34,41.43
-88.34,41.44
-88.33,41.44
-88.33,41.45
-88.32,41.45
-88.32,41.46
-88.31,41.46
-88.3,41.46
-88.29,41.46
-88.28,41.46
-88.27,41.46
-88.26,41.46
-88.25,41.46
-88.25,41.47
-88.24,41.47
-88.24,41.48
-88.23,41.48
-88.22,41.48
-88.22,41.49
-88.21,41.49
-88.2,41.49
-88.19,41.49
-88.18,41.49
-88.17,41.49
-88.16,41.49
-88.16,41.5
-88.15,41.5
-88.15,41.51
-88.14,41.51
-88.13,41.51
-88.12,41.51
-88.11,41.51
-88.1,41.51
-88.09,41.51
-88.08,41.51
-88.07,41.51
-88.06,41.51
-88.05,41.51
-88.04,41.51
-88.03,41.51
-88.02,41.51
-88.01,41.51
-88.0,41.51
-88.0,41.52
-87.99,41.52
-87.99,41.53
-87.98,41.53
-87.98,41.54
-87.97,41.54
-87.96,41.54
-87.95,41.54
-87.94,41.54
-87.93,41.54
-87.93,41.55
-87.92,41.55
-87.91,41.55
-87.9,41.55
-87.89,41.55
-87.88,41.55
-87.87,41.55
-87.86,41.55
-87.85,41.55
-87.84,41.55
-87.83,41.55
-87.82,41.55
-87.81,41.55
-87.8,41.55
-87.79,41.55
-87.78,41.55
-87.77,41.55
-87.77,41.56
-87.76,41.56
-87.75,41.56
-87.75,41.57
-87.74,41.56
-87.74,41.57
-87.73,41.57
-87.72,41.57
-87.72,41.58
-87.71,41.58
-87.7,41.58
-87.69,41.58
-87.68,41.58
-87.67,41.58
-87.66,41.58
-87.65,41.58
-87.64,41.58
-87.63,41.58
-87.62,41.58
-87.61,41.58
-87.6,41.58
-87.59,41.58
-87.58,41.58
-87.57,41.58
-87.56,41.58
-87.55,41.58
-87.54,41.58
-87.53,41.58
-87.52,41.57
-87.52,41.58
-87.51,41.57
-87.5,41.57
-87.49,41.57
-87.48,41.57
-87.47,41.57
-87.46,41.57
-87.45,41.57
-87.44,41.57
-87.43,41.57
-87.42,41.57
-87.41,41.57
-87.4,41.57
-87.39,41.57
-87.38,41.57
-87.37,41.57
-87.36,41.57
-87.35,41.57
-87.34,41.57
-87.33,41.57
-87.32,41.57
-87.31,41.57
-87.3,41.57
-87.29,41.57
-87.28,41.57
-87.27,41.57
-87.27,41.58
-87.26,41.58
-87.25,41.58
-87.24,41.58
-87.23,41.58
-87.23,41.59
-87.22,41.59
-87.21,41.59
-87.2,41.58
-87.2,41.59
-87.19,41.58
-87.18,41.58
-87.17,41.58
-87.16,41.57
-87.16,41.58
-87.15,41.57
-87.14,41.57
-87.13,41.57
-87.12,41.57
-87.12,41.58
-87.11,41.58
-87.1,41.58
-87.09,41.58
-87.08,41.58
-87.07,41.58
-87.06,41.57
-87.06,41.58
-87.05,41.57
-87.04,41.57
-87.03,41.57
-87.02,41.57
-87.01,41.57
-87.0,41.57
-86.99,41.57
-86.98,41.57
-86.97,41.57
-86.97,41.58
-86.96,41.58
-86.95,41.58
-86.94,41.58
-86.94,41.59
-86.93,41.58
-86.93,41.59
-86.92,41.59
-86.91,41.59
-86.9,41.59
-86.89,41.59
-86.88,41.59
-86.87,41.59
-86.87,41.6
-86.86,41.6
-86.86,41.61
-86.85,41.61
-86.84,41.61
-86.83,41.61
-86.83,41.62
-86.82,41.62
-86.81,41.62
-86.8,41.62
-86.8,41.63
-86.79,41.63
-86.79,41.64
-86.78,41.64
-86.78,41.65
-86.77,41.65
-86.76,41.65
-86.76,41.66
-86.75,41.66
-86.74,41.66
-86.73,41.66
-86.73,41.67
-86.72,41.67
-86.71,41.67
-86.7,41.67
-86.69,41.67
-86.68,41.67
-86.67,41.67
-86.67,41.68
-86.66,41.68
-86.66,41.69
-86.65,41.69
-86.64,41.69
-86.64,41.7
-86.63,41.7
-86.62,41.7
-86.62,41.71
-86.61,41.71
-86.61,41.72
-86.6,41.72
-86.6,41.73
-86.59,41.73
-86.58,41.73
-86.57,41.73
-86.56,41.73
-86.55,41.73
-86.54,41.73
-86.54,41.74
-86.53,41.74
-86.52,41.74
-86.51,41.74
-86.5,41.74
-86.5,41.75
-86.49,41.75
-86.48,41.75
-86.47,41.75
-86.46,41.75
-86.46,41.76
-86.45,41.75
-86.45,41.76
-86.44,41.75
-86.43,41.75
-86.42,41.75
-86.41,41.75
-86.4,41.74
-86.4,41.75
-86.39,41.73
-86.39,41.74
-86.38,41.73
-86.37,41.73
-86.36,41.73
-86.35,41.73
-86.34,41.73
-86.33,41.73
-86.32,41.73
-86.31,41.73
-86.3,41.72
-86.3,41.73
-86.29,41.72
-86.28,41.72
-86.27,41.72
-86.26,41.72
-86.25,41.72
-86.24,41.72
-86.23,41.72
-86.22,41.72
-86.21,41.72
-86.2,41.72
-86.19,41.72
-86.18,41.72
-86.17,41.72
-86.16,41.72
-86.15,41.72
-86.15,41.73
-86.14,41.73
-86.13,41.73
-86.12,41.73
-86.11,41.73
-86.1,41.73
-86.09,41.73
-86.08,41.73
-86.07,41.73
-86.06,41.73
-86.05,41.73
-86.04,41.73
-86.03,41.73
-86.02,41.73
-86.01,41.73
-86.0,41.73
-85.99,41.73
-85.98,41.73
-85.97,41.73
-85.96,41.73
-85.95,41.73
-85.94,41.73
-85.93,41.73
-85.92,41.73
-85.91,41.73
-85.9,41.73
-85.89,41.73
-85.88,41.73
-85.87,41.73
-85.86,41.73
-85.85,41.73
-85.84,41.73
-85.83,41.73
-85.83,41.74
-85.82,41.74
-85.81,41.73
-85.81,41.74
-85.8,41.73
-85.79,41.73
-85.79,41.74
-85.78,41.73
-85.78,41.74
-85.77,41.73
-85.76,41.73
-85.75,41.73
-85.75,41.74
-85.74,41.74
-85.73,41.74
-85.72,41.74
-85.72,41.75
-85.71,41.75
-85.7,41.75
-85.69,41.75
-85.68,41.75
-85.67,41.75
-85.66,41.75
-85.65,41.75
-85.64,41.75
-85.63,41.75
-85.62,41.75
-85.61,41.75
-85.6,41.75
-85.59,41.75
-85.58,41.75
-85.57,41.75
-85.56,41.75
-85.55,41.75
-85.54,41.75
-85.53,41.75
-85.52,41.75
-85.51,41.75
-85.5,41.75
-85.49,41.75
-85.48,41.75
-85.47,41.75
-85.46,41.75
-85.45,41.75
-85.44,41.75
-85.43,41.75
-85.42,41.75
-85.41,41.75
-85.4,41.75
-85.39,41.75
-85.38,41.75
-85.37,41.75
-85.36,41.75
-85.35,41.75
-85.34,41.75
-85.33,41.74
-85.33,41.75
-85.32,41.74
-85.31,41.74
-85.3,41.74
-85.29,41.74
-85.28,41.74
-85.27,41.74
-85.27,41.75
-85.26,41.75
-85.25,41.75
-85.24,41.75
-85.23,41.75
-85.23,41.76
-85.22,41.76
-85.21,41.76
-85.2,41.76
-85.19,41.76
-85.18,41.76
-85.17,41.76
-85.16,41.76
-85.15,41.76
-85.14,41.76
-85.13,41.76
-85.12,41.75
-85.12,41.76
-85.11,41.75
-85.1,41.75
-85.09,41.75
-85.08,41.75
-85.07,41.75
-85.06,41.75
-85.05,41.75
-85.04,41.75
-85.03,41.75
-85.02,41.74
-85.02,41.75
-85.01,41.74
-85.0,41.74
-84.99,41.74
-84.98,41.73
-84.98,41.74
-84.97,41.72
-84.97,41.73
-84.96,41.72
-84.95,41.71
-84.95,41.72
-84.94,41.71
-84.93,41.7
-84.93,41.71
-84.92,41.7
-84.91,41.69
-84.91,41.7
-84.9,41.69
-84.89,41.69
-84.88,41.68
-84.88,41.69
-84.87,41.67
-84.87,41.68
-84.86,41.67
-84.85,41.66
-84.85,41.67
-84.84,41.64
-84.84,41.65
-84.84,41.66
-84.83,41.64
-84.82,41.63
-84.82,41.64
-84.81,41.63
-84.8,41.63
-84.79,41.63
-84.78,41.63
-84.77,41.63
-84.76,41.63
-84.75,41.63
-84.74,41.63
-84.73,41.63
-84.72,41.63
-84.71,41.63
-84.7,41.62
-84.7,41.63
-84.69,41.62
-84.68,41.62
-84.67,41.62
-84.66,41.62
-84.65,41.62
-84.64,41.62
-84.63,41.62
-84.62,41.62
-84.61,41.62
-84.6,41.62
-84.59,41.62
-84.58,41.62
-84.57,41.62
-84.56,41.61
-84.56,41.62
-84.55,41.61
-84.54,41.61
-84.53,41.61
-84.52,41.61
-84.51,41.61
-84.5,41.61
-84.49,41.61
-84.48,41.61
-84.47,41.61
-84.46,41.61
-84.45,41.61
-84.44,41.61
-84.43,41.61
-84.42,41.6
-84.42,41.61
-84.41,41.6
-84.4,41.6
-84.39,41.6
-84.38,41.6
-84.37,41.6
-84.36,41.59
-84.36,41.6
-84.35,41.59
-84.34,41.59
-84.33,41.59
-84.32,41.59
-84.31,41.59
-84.3,41.59
-84.29,41.59
-84.28,41.59
-84.27,41.59
-84.26,41.59
-84.25,41.59
-84.24,41.59
-84.23,41.59
-84.22,41.59
-84.21,41.59
-84.2,41.59
-84.19,41.59
-84.18,41.59
-84.17,41.59
-84.16,41.59
-84.15,41.59
-84.14,41.59
-84.13,41.59
-84.12,41.59
-84.11,41.59
-84.1,41.59
-84.09,41.59
-84.08,41.59
-84.07,41.59
-84.06,41.59
-84.05,41.59
-84.04,41.59
-84.03,41.59
-84.02,41.59
-84.02,41.6
-84.01,41.6
-84.0,41.6
-83.99,41.6
-83.98,41.6
-83.97,41.6
-83.96,41.6
-83.95,41.6
-83.94,41.6
-83.93,41.6
-83.92,41.6
-83.91,41.6
-83.9,41.6
-83.89,41.6
-83.88,41.6
-83.87,41.6
-83.86,41.6
-83.85,41.6
-83.84,41.6
-83.83,41.6
-83.82,41.6
-83.81,41.6
-83.8,41.6
-83.79,41.6
-83.78,41.59
-83.78,41.6
-83.77,41.59
-83.76,41.59
-83.75,41.59
-83.74,41.59
-83.73,41.59
-83.72,41.59
-83.71,41.59
-83.7,41.59
-83.69,41.59
-83.68,41.59
-83.67,41.59
-83.66,41.59
-83.65,41.59
-83.64,41.59
-83.63,41.59
-83.62,41.58
-83.62,41.59
-83.61,41.58
-83.6,41.58
-83.59,41.57
-83.58,41.57
-83.57,41.56
-83.57,41.57
-83.56,41.56
-83.55,41.55
-83.54,41.55
-83.53,41.54
-83.53,41.55
-83.52,41.54
-83.51,41.54
-83.5,41.54
-83.49,41.53
-83.49,41.54
-83.48,41.53
-83.47,41.53
-83.46,41.52
-83.46,41.53
-83.45,41.52
-83.44,41.52
-83.43,41.51
-83.42,41.51
-83.41,41.51
-83.4,41.5
-83.4,41.51
-83.39,41.5
-83.38,41.49
-83.38,41.5
-83.37,41.49
-83.36,41.48
-83.36,41.49
-83.35,41.48
-83.34,41.48
-83.33,41.47
-83.32,41.47
-83.31,41.47
-83.3,41.46
-83.3,41.47
-83.29,41.46
-83.28,41.45
-83.28,41.46
-83.27,41.45
-83.26,41.45
-83.25,41.44
-83.25,41.45
-83.24,41.44
-83.23,41.44
-83.22,41.43
-83.22,41.44
-83.21,41.43
-83.2,41.43
-83.19,41.43
-83.18,41.42
-83.17,41.42
-83.16,41.42
-83.15,41.41
-83.15,41.42
-83.14,41.41
-83.13,41.41
-83.12,41.4
-83.11,41.4
-83.1,41.4
-83.09,41.39
-83.09,41.4
-83.08,41.39
-83.07,41.39
-83.06,41.39
-83.05,41.39
-83.04,41.39
-83.03,41.38
-83.02,41.38
-83.01,41.38
-83.0,41.38
-82.99,41.38
-82.98,41.37
-82.98,41.38
-82.97,41.37
-82.96,41.37
-82.95,41.36
-82.95,41.37
-82.94,41.36
-82.93,41.36
-82.92,41.36
-82.91,41.36
-82.9,41.36
-82.89,41.36
-82.88,41.35
-82.88,41.36
-82.87,41.35
-82.86,41.35
-82.85,41.35
-82.84,41.35
-82.83,41.35
-82.82,41.35
-82.81,41.35
-82.8,41.35
-82.79,41.34
-82.79,41.35
-82.78,41.34
-82.77,41.34
-82.76,41.34
-82.75,41.34
-82.74,41.34
-82.73,41.34
-82.72,41.34
-82.71,41.34
-82.7,41.34
-82.69,41.34
-82.68,41.33
-82.68,41.34
-82.67,41.33
-82.66,41.33
-82.65,41.33
-82.64,41.33
-82.63,41.32
-82.63,41.33
-82.62,41.32
-82.61,41.32
-82.6,41.32
-82.59,41.32
-82.58,41.32
-82.57,41.32
-82.56,41.32
-82.55,41.32
-82.55,41.33
-82.54,41.33
-82.53,41.33
-82.52,41.33
-82.51,41.33
-82.5,41.33
-82.49,41.33
-82.48,41.33
-82.47,41.33
-82.46,41.33
-82.45,41.33
-82.44,41.33
-82.43,41.33
-82.42,41.33
-82.41,41.33
-82.4,41.33
-82.39,41.33
-82.39,41.34
-82.38,41.33
-82.38,41.34
-82.37,41.33
-82.37,41.34
-82.36,41.34
-82.35,41.34
-82.34,41.34
-82.33,41.34
-82.33,41.35
-82.32,41.35
-82.31,41.35
-82.3,41.35
-82.3,41.36
-82.29,41.36
-82.28,41.36
-82.27,41.37
-82.26,41.37
-82.26,41.38
-82.25,41.38
-82.24,41.38
-82.23,41.38
-82.22,41.38
-82.21,41.38
-82.2,41.38
-82.19,41.38
-82.19,41.39
-82.18,41.38
-82.18,41.39
-82.17,41.39
-82.16,41.39
-82.15,41.39
-82.14,41.39
-82.13,41.39
-82.12,41.39
-82.11,41.38
-82.11,41.39
-82.1,41.38
-82.09,41.38
-82.09,41.39
-82.08,41.39
-82.07,41.38
-82.07,41.39
-82.06,41.38
-82.05,41.38
-82.04,41.38
-82.03,41.38
-82.02,41.38
-82.01,41.38
-82.0,41.38
-81.99,41.38
-81.98,41.37
-81.98,41.38
-81.97,41.37
-81.96,41.37
-81.95,41.37
-81.94,41.37
-81.93,41.37
-81.92,41.36
-81.92,41.37
-81.91,41.36
-81.9,41.36
-81.89,41.36
-81.88,41.35
-81.88,41.36
-81.87,41.35
-81.86,41.35
-81.85,41.34
-81.84,41.34
-81.83,41.34
-81.82,41.33
-81.82,41.34
-81.81,41.33
-81.8,41.33
-81.79,41.32
-81.79,41.33
-81.78,41.32
-81.77,41.32
-81.76,41.31
-81.76,41.32
-81.75,41.31
-81.74,41.3
-81.74,41.31
-81.73,41.3
-81.72,41.3
-81.71,41.3
-81.7,41.3
-81.69,41.3
-81.68,41.29
-81.68,41.3
-81.67,41.29
-81.66,41.28
-81.66,41.29
-81.65,41.28
-81.64,41.28
-81.63,41.27
-81.63,41.28
-81.62,41.27
-81.61,41.26
-81.61,41.27
-81.6,41.26
-81.59,41.25
-81.59,41.26
-81.58,41.25
-81.57,41.25
-81.56,41.25
-81.56,41.26
-81.55,41.26
-81.54,41.26
-81.53,41.26
-81.52,41.26
-81.51,41.26
-81.5,41.26
-81.49,41.26
-81.48,41.26
-81.47,41.26
-81.46,41.25
-81.46,41.26
-81.45,41.25
-81.44,41.25
-81.43,41.25
-81.42,41.25
-81.41,41.25
-81.4,41.25
-81.39,41.25
-81.38,41.25
-81.38,41.26
-81.37,41.26
-81.36,41.25
-81.36,41.26
-81.35,41.25
-81.34,41.25
-81.33,41.25
-81.32,41.25
-81.31,41.25
-81.3,41.25
-81.29,41.25
-81.28,41.25
-81.27,41.25
-81.26,41.25
-81.25,41.25
-81.24,41.25
-81.23,41.24
-81.23,41.25
-81.22,41.24
-81.21,41.24
-81.2,41.24
-81.19,41.24
-81.18,41.24
-81.17,41.24
-81.16,41.24
-81.15,41.24
-81.14,41.24
-81.13,41.24
-81.12,41.24
-81.11,41.24
-81.1,41.24
-81.09,41.24
-81.08,41.24
-81.07,41.24
-81.06,41.24
-81.05,41.24
-81.04,41.24
-81.03,41.24
-81.02,41.24
-81.0,41.24
-80.99,41.24
-80.98,41.23
-80.98,41.24
-80.97,41.23
-80.96,41.22
-80.95,41.2
-80.95,41.21
-80.95,41.22
-80.94,41.19
-80.94,41.2
-80.93,41.18
-80.93,41.19
-80.92,41.17
-80.92,41.18
-80.91,41.16
-80.91,41.17
-80.9,41.15
-80.9,41.16
-80.89,41.15
-80.88,41.14
-80.88,41.15
-80.87,41.13
-80.87,41.14
-80.86,41.13
-80.85,41.12
-80.85,41.13
-80.84,41.11
-80.84,41.12
-80.83,41.11
-80.82,41.11
-80.81,41.11
-80.81,41.12
-80.8,41.12
-80.79,41.12
-80.78,41.12
-80.77,41.12
-80.76,41.12
-80.75,41.12
-80.75,41.13
-80.74,41.13
-80.73,41.13
-80.73,41.14
-80.72,41.14
-80.71,41.14
-80.71,41.15
-80.7,41.15
-80.69,41.15
-80.68,41.15
-80.67,41.15
-80.66,41.16
-80.65,41.16
-80.64,41.16
-80.63,41.16
-80.62,41.16
-80.61,41.16
-80.6,41.17
-80.59,41.17
-80.58,41.17
-80.58,41.18
-80.57,41.17
-80.57,41.18
-80.56,41.18
-80.55,41.18
-80.54,41.18
-80.53,41.18
-80.52,41.18
-80.52,41.19
-80.51,41.18
-80.51,41.19
-80.5,41.18
-80.49,41.18
-80.48,41.18
-80.47,41.18
-80.46,41.18
-80.45,41.18
-80.44,41.18
-80.44,41.19
-80.43,41.18
-80.43,41.19
-80.42,41.18
-80.41,41.18
-80.4,41.18
-80.39,41.18
-80.38,41.18
-80.37,41.18
-80.37,41.19
-80.36,41.18
-80.36,41.19
-80.35,41.19
-80.34,41.19
-80.33,41.18
-80.33,41.19
-80.32,41.18
-80.31,41.18
-80.3,41.18
-80.29,41.18
-80.28,41.18
-80.28,41.19
-80.27,41.19
-80.26,41.19
-80.25,41.19
-80.24,41.19
-80.23,41.19
-80.22,41.19
-80.21,41.19
-80.2,41.19
-80.19,41.19
-80.19,41.2
-80.18,41.2
-80.17,41.2
-80.16,41.2
-80.15,41.2
-80.14,41.2
-80.13,41.2
-80.12,41.2
-80.11,41.2
-80.1,41.2
-80.09,41.2
-80.08,41.2
-80.07,41.2
-80.06,41.2
-80.05,41.2
-80.04,41.2
-80.03,41.2
-80.02,41.2
-80.01,41.2
-80.0,41.2
-79.99,41.2
-79.98,41.2
-79.97,41.2
-79.96,41.2
-79.95,41.2
-79.94,41.2
-79.93,41.2
-79.92,41.2
-79.91,41.2
-79.9,41.2
-79.89,41.2
-79.88,41.19
-79.88,41.2
-79.87,41.19
-79.86,41.19
-79.85,41.19
-79.84,41.19
-79.84,41.2
-79.83,41.2
-79.82,41.2
-79.81,41.19
-79.81,41.2
-79.8,41.19
-79.79,41.18
-79.79,41.19
-79.78,41.18
-79.78,41.19
-79.77,41.18
-79.76,41.18
-79.75,41.17
-79.75,41.18
-79.74,41.17
-79.73,41.17
-79.72,41.17
-79.71,41.17
-79.7,41.17
-79.7,41.18
-79.69,41.18
-79.68,41.18
-79.67,41.18
-79.67,41.19
-79.66,41.19
-79.65,41.19
-79.64,41.19
-79.64,41.2
-79.63,41.2
-79.62,41.19
-79.62,41.2
-79.61,41.19
-79.6,41.19
-79.59,41.19
-79.58,41.19
-79.58,41.2
-79.57,41.19
-79.57,41.2
-79.56,41.19
-79.55,41.18
-79.55,41.19
-79.54,41.18
-79.54,41.19
-79.53,41.18
-79.52,41.18
-79.52,41.19
-79.51,41.19
-79.51,41.2
-79.5,41.2
-79.49,41.2
-79.48,41.2
-79.47,41.2
-79.46,41.2
-79.45,41.2
-79.44,41.19
-79.44,41.2
-79.43,41.19
-79.43,41.2
-79.42,41.19
-79.41,41.19
-79.4,41.19
-79.39,41.18
-79.39,41.19
-79.38,41.18
-79.37,41.18
-79.36,41.18
-79.35,41.18
-79.34,41.18
-79.33,41.18
-79.32,41.18
-79.31,41.18
-79.3,41.18
-79.29,41.17
-79.29,41.18
-79.28,41.17
-79.27,41.17
-79.26,41.17
-79.26,41.18
-79.25,41.18
-79.24,41.18
-79.24,41.19
-79.23,41.19
-79.22,41.19
-79.21,41.19
-79.2,41.19
-79.19,41.19
-79.18,41.19
-79.17,41.19
-79.16,41.18
-79.15,41.18
-79.14,41.18
-79.13,41.18
-79.12,41.18
-79.11,41.17
-79.1,41.17
-79.09,41.17
-79.08,41.17
-79.07,41.17
-79.06,41.17
-79.05,41.17
-79.04,41.17
-79.03,41.17
-79.02,41.17
-79.01,41.16
-79.01,41.17
-79.0,41.15
-79.0,41.16
-78.99,41.14
-78.99,41.15
-78.98,41.14
-78.97,41.14
-78.96,41.14
-78.95,41.14
-78.95,41.15
-78.94,41.15
-78.93,41.15
-78.92,41.15
-78.91,41.15
-78.9,41.15
-78.89,41.15
-78.88,41.15
-78.87,41.15
-78.86,41.15
-78.85,41.15
-78.84,41.15
-78.84,41.16
-78.83,41.16
-78.82,41.16
-78.81,41.15
-78.81,41.16
-78.8,41.15
-78.79,41.15
-78.78,41.14
-78.78,41.15
-78.77,41.14
-78.77,41.15
-78.76,41.14
-78.76,41.15
-78.75,41.14
-78.75,41.15
-78.74,41.14
-78.73,41.13
-78.73,41.14
-78.72,41.13
-78.71,41.13
-78.7,41.13
-78.69,41.12
-78.69,41.13
-78.68,41.12
-78.67,41.12
-78.66,41.12
-78.65,41.12
-78.63,41.12
-78.62,41.12
-78.61,41.12
-78.6,41.12
-78.6,41.13
-78.59,41.12
-78.59,41.13
-78.58,41.12
-78.58,41.13
-78.57,41.12
-78.57,41.13
-78.56,41.12
-78.56,41.13
-78.55,41.12
-78.54,41.11
-78.53,41.1
-78.53,41.11
-78.52,41.09
-78.52,41.1
-78.51,41.08
-78.51,41.09
-78.5,41.08
-78.49,41.07
-78.49,41.08
-78.48,41.07
-78.47,41.07
-78.46,41.06
-78.46,41.07
-78.45,41.06
-78.44,41.06
-78.43,41.05
-78.43,41.06
-78.42,41.04
-78.42,41.05
-78.41,41.04
-78.4,41.04
-78.39,41.04
-78.38,41.03
-78.38,41.04
-78.37,41.02
-78.37,41.03
-78.36,41.02
-78.35,41.02
-78.34,41.02
-78.33,41.01
-78.33,41.02
-78.32,41.01
-78.31,41.01
-78.3,41.01
-78.29,41.01
-78.28,41.0
-78.28,41.01
-78.27,41.0
-78.26,40.99
-78.26,41.0
-78.25,40.99
-78.24,40.99
-78.24,41.0
-78.23,41.0
-78.22,40.99
-78.22,41.0
-78.21,40.99
-78.2,40.99
-78.19,40.99
-78.18,40.99
-78.17,40.99
-78.16,40.99
-78.15,40.98
-78.15,40.99
-78.14,40.98
-78.13,40.98
-78.12,40.97
-78.12,40.98
-78.11,40.96
-78.11,40.97
-78.1,40.96
-78.09,40.96
-78.09,40.97
-78.08,40.97
-78.07,40.97
-78.06,40.97
-78.06,40.98
-78.05,40.97
-78.05,40.98
-78.04,40.97
-78.04,40.98
-78.03,40.98
-78.03,40.99
-78.02,40.99
-78.01,40.99
-78.01,41.0
-78.0,41.0
-77.99,41.0
-77.98,41.0
-77.97,41.01
-77.96,41.01
-77.96,41.02
-77.95,41.02
-77.94,41.02
-77.93,41.02
-77.92,41.02
-77.91,41.02
-77.91,41.03
-77.9,41.02
-77.89,41.02
-77.88,41.01
-77.88,41.02
-77.87,41.0
-77.87,41.01
-77.86,41.0
-77.85,40.99
-77.85,41.0
-77.84,40.99
-77.83,40.99
-77.82,40.99
-77.81,40.98
-77.81,40.99
-77.8,40.98
-77.79,40.96
-77.79,40.97
-77.79,40.98
-77.78,40.96
-77.78,40.97
-77.77,40.96
-77.76,40.95
-77.76,40.96
-77.75,40.95
-77.75,40.96
-77.74,40.95
-77.73,40.94
-77.73,40.95
-77.72,40.94
-77.72,40.95
-77.71,40.95
-77.7,40.95
-77.69,40.95
-77.69,40.96
-77.68,40.96
-77.67,40.96
-77.66,40.96
-77.65,40.97
-77.64,40.97
-77.63,40.97
-77.63,40.98
-77.62,40.98
-77.62,40.99
-77.61,40.99
-77.61,41.0
-77.6,41.0
-77.6,41.01
-77.59,41.01
-77.59,41.02
-77.58,41.02
-77.56,41.02
-77.56,41.03
-77.55,41.03
-77.54,41.03
-77.53,41.03
-77.52,41.03
-77.51,41.03
-77.5,41.04
-77.49,41.04
-77.48,41.04
-77.47,41.04
-77.46,41.04
-77.45,41.05
-77.44,41.05
-77.44,41.06
-77.43,41.06
-77.42,41.06
-77.42,41.07
-77.41,41.07
-77.4,41.06
-77.4,41.07
-77.39,41.06
-77.38,41.06
-77.37,41.06
-77.36,41.05
-77.36,41.06
-77.35,41.05
-77.34,41.05
-77.33,41.05
-77.32,41.05
-77.31,41.05
-77.3,41.05
-77.29,41.05
-77.28,41.05
-77.28,41.06
-77.27,41.06
-77.26,41.06
-77.25,41.06
-77.24,41.06
-77.23,41.06
-77.22,41.06
-77.22,41.07
-77.21,41.05
-77.21,41.06
-77.2,41.05
-77.19,41.05
-77.18,41.05
-77.17,41.05
-77.16,41.05
-77.15,41.05
-77.14,41.04
-77.14,41.05
-77.13,41.04
-77.12,41.04
-77.12,41.05
-77.11,41.05
-77.1,41.05
-77.09,41.05
-77.09,41.06
-77.08,41.06
-77.07,41.06
-77.07,41.07
-77.06,41.07
-77.05,41.07
-77.04,41.07
-77.03,41.07
-77.03,41.08
-77.02,41.07
-77.02,41.08
-77.01,41.07
-77.01,41.08
-77.0,41.07
-77.0,41.08
-76.99,41.07
-76.99,41.08
-76.98,41.07
-76.97,41.07
-76.96,41.07
-76.95,41.07
-76.95,41.08
-76.94,41.08
-76.93,41.08
-76.92,41.07
-76.92,41.08
-76.91,41.07
-76.9,41.06
-76.9,41.07
-76.89,41.06
-76.88,41.05
-76.88,41.06
-76.87,41.05
-76.86,41.05
-76.85,41.05
-76.84,41.05
-76.83,41.05
-76.82,41.04
-76.82,41.05
-76.81,41.03
-76.81,41.04
-76.8,41.02
-76.8,41.03
-76.79,41.01
-76.79,41.02
-76.78,41.01
-76.77,41.01
-76.76,41.0
-76.76,41.01
-76.75,41.0
-76.74,40.99
-76.74,41.0
-76.73,40.99
-76.72,40.99
-76.71,40.99
-76.7,40.99
-76.69,40.99
-76.68,40.99
-76.67,40.99
-76.66,40.99
-76.65,40.99
-76.65,41.0
-76.64,41.0
-76.63,41.0
-76.62,41.0
-76.61,41.0
-76.6,41.0
-76.59,41.0
-76.58,41.0
-76.57,41.0
-76.56,41.0
-76.56,41.01
-76.55,41.01
-76.54,41.01
-76.53,41.01
-76.52,41.01
-76.51,41.01
-76.5,41.01
-76.49,41.01
-76.48,41.01
-76.48,41.02
-76.47,41.02
-76.46,41.02
-76.45,41.02
-76.45,41.03
-76.44,41.03
-76.43,41.03
-76.42,41.03
-76.41,41.02
-76.41,41.03
-76.4,41.03
-76.39,41.03
-76.38,41.03
-76.38,41.04
-76.37,41.04
-76.36,41.04
-76.35,41.04
-76.34,41.03
-76.34,41.04
-76.33,41.03
-76.32,41.02
-76.32,41.03
-76.31,41.02
-76.3,41.01
-76.3,41.02
-76.29,41.01
-76.28,41.01
-76.27,41.01
-76.26,41.01
-76.25,41.01
-76.24,41.01
-76.23,41.01
-76.22,41.01
-76.21,41.01
-76.21,41.02
-76.2,41.02
-76.19,41.02
-76.18,41.02
-76.17,41.01
-76.17,41.02
-76.16,41.0
-76.16,41.01
-76.15,41.0
-76.14,41.0
-76.14,41.01
-76.13,41.01
-76.12,41.01
-76.12,41.02
-76.11,41.02
-76.1,41.02
-76.1,41.03
-76.09,41.03
-76.08,41.03
-76.07,41.03
-76.06,41.03
-76.06,41.04
-76.05,41.04
-76.04,41.04
-76.03,41.04
-76.02,41.04
-76.02,41.05
-76.01,41.05
-76.0,41.05
-75.99,41.05
-75.98,41.05
-75.97,41.05
-75.96,41.05
-75.95,41.06
-75.94,41.06
-75.93,41.06
-75.92,41.06
-75.91,41.06
-75.9,41.06
-75.89,41.06
-75.88,41.06
-75.87,41.06
-75.86,41.05
-75.86,41.06
-75.85,41.05
-75.84,41.05
-75.83,41.05
-75.83,41.06
-75.82,41.06
-75.81,41.06
-75.8,41.06
-75.79,41.06
-75.78,41.05
-75.78,41.06
-75.77,41.05
-75.77,41.06
-75.76,41.06
-75.75,41.06
-75.74,41.06
-75.73,41.06
-75.72,41.06
-75.71,41.06
-75.71,41.07
-75.7,41.07
-75.69,41.07
-75.68,41.07
-75.68,41.08
-75.67,41.08
-75.66,41.08
-75.65,41.08
-75.64,41.08
-75.63,41.08
-75.62,41.08
-75.61,41.08
-75.6,41.08
-75.59,41.08
-75.58,41.08
-75.57,41.08
-75.56,41.08
-75.55,41.08
-75.54,41.08
-75.53,41.08
-75.52,41.08
-75.51,41.08
-75.5,41.07
-75.5,41.08
-75.49,41.07
-75.48,41.07
-75.47,41.07
-75.46,41.07
-75.45,41.07
-75.44,41.07
-75.43,41.07
-75.42,41.07
-75.41,41.07
-75.4,41.07
-75.39,41.07
-75.38,41.06
-75.38,41.07
-75.37,41.06
-75.37,41.07
-75.36,41.06
-75.36,41.07
-75.35,41.06
-75.35,41.07
-75.34,41.06
-75.33,41.06
-75.32,41.05
-75.32,41.06
-75.31,41.02
-75.31,41.03
-75.31,41.04
-75.31,41.05
-75.3,41.01
-75.3,41.02
-75.29,41.01
-75.28,41.0
-75.28,41.01
-75.27,41.0
-75.26,40.99
-75.26,41.0
-75.25,40.99
-75.24,40.99
-75.23,40.99
-75.22,40.98
-75.22,40.99
-75.21,40.98
-75.2,40.98
-75.19,40.98
-75.19,40.99
-75.18,40.99
-75.17,40.99
-75.16,40.99
-75.16,41.0
-75.15,41.0
-75.14,40.98
-75.14,40.99
-75.14,41.0
-75.13,40.97
-75.13,40.98
-75.12,40.95
-75.12,40.96
-75.12,40.97
-75.11,40.94
-75.11,40.95
-75.1,40.93
-75.1,40.94
-75.09,40.93
-75.08,40.93
-75.07,40.92
-75.07,40.93
-75.06,40.92
-75.05,40.92
-75.05,40.93
-75.04,40.93
-75.03,40.93
-75.02,40.93
-75.02,40.94
-75.01,40.93
-75.01,40.94
-75.0,40.93
-75.0,40.94
-74.99,40.93
-74.98,40.93
-74.97,40.93
-74.96,40.92
-74.96,40.93
-74.95,40.92
-74.95,40.93
-74.94,40.92
-74.94,40.93
-74.93,40.92
-74.93,40.93
-74.92,40.93
-74.91,40.93
-74.9,40.93
-74.89,40.93
-74.88,40.92
-74.88,40.93
-74.87,40.92
-74.86,40.92
-74.85,40.92
-74.84,40.92
-74.83,40.92
-74.82,40.92
-74.81,40.92
-74.8,40.92
-74.79,40.92
-74.79,40.93
-74.78,40.92
-74.78,40.93
-74.77,40.92
-74.76,40.91
-74.76,40.92
-74.75,40.91
-74.74,40.91
-74.73,40.91
-74.72,40.89
-74.72,40.9
-74.72,40.91
-74.71,40.89
-74.7,40.89
-74.69,40.89
-74.68,40.89
-74.67,40.89
-74.66,40.89
-74.65,40.89
-74.64,40.89
-74.64,40.9
-74.63,40.9
-74.62,40.9
-74.61,40.9
-74.61,40.91
-74.6,40.91
-74.59,40.91
-74.58,40.91
-74.57,40.91
-74.56,40.91
-74.55,40.91
-74.54,40.91
-74.53,40.91
-74.52,40.91
-74.51,40.91
-74.5,40.9
-74.5,40.91
-74.49,40.89
-74.49,40.9
-74.48,40.89
-74.47,40.87
-74.47,40.88
-74.47,40.89
-74.46,40.87
-74.45,40.87
-74.44,40.87
-74.43,40.87
-74.42,40.86
-74.42,40.87
-74.41,40.86
-74.4,40.86
-74.39,40.86
-74.38,40.86
-74.37,40.86
-74.36,40.86
-74.35,40.86
-74.34,40.86
-74.33,40.86
-74.33,40.87
-74.33,40.88
-74.32,40.88
-74.32,40.89
-74.31,40.89
-74.3,40.89
-74.29,40.89
-74.28,40.89
-74.27,40.89
-74.26,40.89
-74.26,40.9
-74.25,40.9
-74.24,40.9
-74.23,40.9
-74.22,40.9
-74.21,40.9
-74.2,40.9
-74.19,40.9
-74.19,40.91
-74.18,40.91
-74.17,40.91
-74.16,40.9
-74.16,40.91
-74.15,40.9
-74.14,40.9
-74.13,40.9
-74.12,40.9
-74.11,40.9
-74.1,40.9
-74.09,40.9
-74.08,40.89
-74.08,40.9
-74.07,40.88
-74.07,40.89
-74.06,40.87
-74.06,40.88
-74.05,40.87
-74.04,40.87
-74.03,40.87
-74.02,40.86
-74.02,40.87
-74.01,40.86
-74.01,40.87
-74.0,40.87